2 0.345964 0.814120 0.035156 0.059722
1 0.371224 0.852546 0.031510 0.055093
0 0.292318 0.760417 0.027344 0.045833
1 0.381641 0.692130 0.029427 0.050000
3 0.447526 0.553009 0.038281 0.065278
1 0.391016 0.636806 0.030469 0.054167
2 0.395703 0.535417 0.034115 0.060648
1 0.348828 0.543750 0.029948 0.050463
2 0.563932 0.486806 0.035156 0.059722
3 0.580078 0.653472 0.038802 0.066204
2 0.290495 0.426620 0.033073 0.057870
1 0.316536 0.459954 0.030990 0.049537
2 0.363672 0.599306 0.035156 0.062500
2 0.426953 0.734028 0.034635 0.060648
0 0.448568 0.617361 0.027865 0.047685
0 0.527995 0.852083 0.028385 0.049537
0 0.430859 0.479398 0.027344 0.046759
2 0.351172 0.663657 0.034115 0.058796
0 0.597786 0.477546 0.027344 0.046759
3 0.619661 0.517824 0.037240 0.064352
1 0.569141 0.553472 0.030469 0.052315
3 0.587891 0.420139 0.038281 0.063426
2 0.608724 0.580787 0.035156 0.061574
0 0.523177 0.399769 0.027083 0.045833
3 0.626432 0.640046 0.038281 0.066204
1 0.487630 0.626157 0.029948 0.051389
2 0.538672 0.444676 0.035156 0.059722
2 0.541797 0.611343 0.035156 0.061574
2 0.435026 0.283565 0.034635 0.056944
2 0.468099 0.353009 0.035156 0.056944
3 0.656901 0.496991 0.037760 0.065278
1 0.526693 0.296065 0.029427 0.046759
0 0.758984 0.592824 0.027344 0.049537
1 0.637370 0.428472 0.029427 0.050463
