2 0.243620 0.718287 0.036198 0.063426
3 0.330078 0.770139 0.037240 0.065278
2 0.351693 0.553935 0.035156 0.058796
3 0.408203 0.685417 0.038281 0.066204
2 0.372786 0.700694 0.036198 0.063426
2 0.397786 0.569676 0.035156 0.059722
2 0.477083 0.585417 0.035417 0.060648
1 0.587370 0.699769 0.030469 0.053241
0 0.467318 0.656250 0.027865 0.047685
2 0.552734 0.578009 0.034635 0.060648
2 0.539714 0.446528 0.035156 0.058796
2 0.581120 0.524306 0.035156 0.059722
3 0.411328 0.459028 0.037760 0.065278
2 0.419401 0.206250 0.034635 0.054167
1 0.798568 0.660880 0.028906 0.052315
0 0.659766 0.737269 0.027865 0.048611
2 0.761328 0.540972 0.033073 0.061574
2 0.722266 0.538426 0.033073 0.060185
0 0.507161 0.394676 0.026302 0.046759
0 0.471224 0.172917 0.025781 0.043056
3 0.462109 0.255324 0.037240 0.060648
1 0.424609 0.296991 0.028906 0.048611
1 0.677995 0.296528 0.028906 0.049537
1 0.661068 0.258565 0.028385 0.048611
0 0.480859 0.388657 0.027344 0.045833
2 0.539193 0.114120 0.034635 0.053241
0 0.507943 0.120602 0.026302 0.043056
0 0.474609 0.130324 0.025781 0.043056
1 0.723828 0.405787 0.029427 0.050463
3 0.700130 0.252546 0.036719 0.061574
2 0.629036 0.455787 0.034635 0.059722
1 0.663151 0.161806 0.028906 0.046759
1 0.705859 0.329398 0.029427 0.049537
1 0.735026 0.295602 0.028906 0.047685
