0 0.334505 0.802083 0.027865 0.047685
3 0.346224 0.687731 0.038281 0.064352
0 0.479036 0.846528 0.029427 0.048611
3 0.572786 0.493287 0.037760 0.065278
1 0.300130 0.616435 0.029948 0.050463
1 0.287109 0.440972 0.029427 0.047685
1 0.364974 0.362731 0.028906 0.049537
1 0.362370 0.437731 0.029427 0.049537
2 0.400130 0.617824 0.036198 0.060648
2 0.422526 0.535185 0.035156 0.060185
2 0.580859 0.655787 0.035677 0.062500
3 0.543359 0.696528 0.038802 0.067130
2 0.309245 0.391898 0.033594 0.057870
2 0.416536 0.693287 0.035156 0.061574
0 0.344401 0.477546 0.026823 0.046759
1 0.433724 0.640046 0.029427 0.051389
2 0.607943 0.452083 0.034635 0.057870
1 0.496224 0.677083 0.030469 0.052315
1 0.642057 0.629398 0.030990 0.052315
3 0.648047 0.553009 0.037240 0.065278
2 0.501693 0.360417 0.035156 0.058796
0 0.645703 0.496528 0.027344 0.046759
1 0.678516 0.665509 0.029427 0.053241
2 0.430339 0.236343 0.034115 0.054167
1 0.545703 0.348843 0.029948 0.049537
3 0.678776 0.482176 0.037760 0.064352
3 0.649089 0.151620 0.037240 0.057870
2 0.680078 0.581713 0.033594 0.060648
2 0.700911 0.401157 0.034635 0.059722
2 0.700130 0.534028 0.034115 0.059722
0 0.661328 0.298843 0.027344 0.044907
0 0.519401 0.184491 0.026823 0.043056
0 0.794010 0.292824 0.026042 0.043981
2 0.706901 0.071528 0.032552 0.053241
