3 0.531380 0.608102 0.037760 0.066204
2 0.399089 0.536806 0.034635 0.057870
0 0.390495 0.868287 0.027344 0.049537
1 0.349089 0.640046 0.030469 0.052315
0 0.421484 0.571991 0.027865 0.046759
3 0.541016 0.776157 0.038802 0.066204
2 0.365495 0.542361 0.035156 0.059722
2 0.312109 0.518750 0.035156 0.057870
2 0.394922 0.599769 0.034635 0.061574
1 0.338151 0.401620 0.029427 0.048611
2 0.399349 0.670139 0.035156 0.060648
2 0.454818 0.526620 0.034635 0.059722
2 0.442057 0.741898 0.035156 0.062500
2 0.566276 0.440972 0.035156 0.058796
1 0.536849 0.520602 0.029948 0.051389
0 0.367057 0.443287 0.026823 0.045833
0 0.543620 0.663194 0.027344 0.049537
1 0.597526 0.603472 0.030990 0.052315
0 0.518880 0.425231 0.027344 0.046759
3 0.631120 0.604398 0.038281 0.065278
2 0.631120 0.667824 0.035156 0.062500
2 0.510286 0.286806 0.034635 0.056944
1 0.670182 0.481713 0.028385 0.051389
0 0.462370 0.182639 0.026302 0.043981
1 0.556641 0.262269 0.029427 0.048611
2 0.641016 0.320602 0.034115 0.057870
1 0.691536 0.553472 0.029427 0.052315
2 0.603255 0.322454 0.033594 0.056944
3 0.671484 0.399306 0.037760 0.062500
1 0.573568 0.305324 0.028385 0.048611
3 0.725391 0.485417 0.037760 0.064352
3 0.738932 0.325231 0.036198 0.062500
0 0.692057 0.361343 0.027344 0.044907
1 0.701172 0.187269 0.028906 0.046759
