3 0.240495 0.790046 0.037240 0.064352
2 0.286589 0.522917 0.034635 0.057870
1 0.302995 0.388194 0.029427 0.048611
1 0.342318 0.618750 0.030990 0.051389
2 0.312891 0.463657 0.034115 0.056944
0 0.375391 0.606250 0.027344 0.047685
0 0.444792 0.772454 0.027604 0.048611
1 0.316536 0.659491 0.029427 0.050463
1 0.444401 0.498380 0.029427 0.050463
1 0.548047 0.739120 0.030469 0.052315
2 0.531120 0.690972 0.035677 0.061574
3 0.579036 0.396991 0.038281 0.063426
2 0.452734 0.644676 0.035677 0.060648
1 0.548307 0.556250 0.028906 0.052315
0 0.507161 0.597454 0.027344 0.047685
2 0.513151 0.500694 0.035677 0.059722
1 0.637370 0.684491 0.030469 0.053241
3 0.680859 0.610880 0.038281 0.065278
3 0.473828 0.228009 0.037240 0.060648
2 0.668099 0.670602 0.034115 0.062500
2 0.504557 0.077546 0.033594 0.053241
3 0.653516 0.567824 0.037760 0.065278
1 0.487370 0.562731 0.030469 0.052315
2 0.458464 0.287269 0.033594 0.056944
2 0.605078 0.342824 0.034115 0.057870
2 0.583984 0.263194 0.033594 0.056944
1 0.563932 0.312269 0.029427 0.047685
0 0.634505 0.469676 0.027344 0.046759
0 0.593099 0.199769 0.026302 0.044907
2 0.638151 0.361343 0.034115 0.057870
3 0.634505 0.264583 0.038281 0.061574
2 0.670964 0.115046 0.033073 0.053241
0 0.759115 0.114120 0.026562 0.042130
