0 0.514453 0.462731 0.027344 0.046759
2 0.248568 0.776157 0.032552 0.059722
2 0.479557 0.473843 0.034635 0.056944
0 0.412109 0.459491 0.028385 0.044907
2 0.350130 0.628009 0.036198 0.058796
1 0.439193 0.456713 0.029427 0.048611
2 0.453516 0.408102 0.034635 0.058796
2 0.615755 0.672454 0.035156 0.061574
3 0.409245 0.406250 0.037760 0.063426
0 0.438932 0.504861 0.026823 0.046759
2 0.436068 0.769676 0.034635 0.061574
0 0.360807 0.521065 0.027344 0.045833
3 0.609766 0.437269 0.037240 0.064352
2 0.453646 0.551620 0.034896 0.060648
1 0.601693 0.523380 0.029427 0.053241
0 0.569141 0.433565 0.026823 0.046759
0 0.584505 0.478472 0.027344 0.046759
1 0.486068 0.420139 0.029427 0.050463
0 0.381120 0.310880 0.027344 0.044907
1 0.511589 0.518750 0.029948 0.051389
2 0.486068 0.240509 0.034115 0.056944
2 0.572786 0.318287 0.034115 0.056944
1 0.627995 0.500694 0.029427 0.051389
3 0.635286 0.561806 0.038281 0.066204
1 0.419661 0.309028 0.029948 0.048611
1 0.482422 0.528009 0.030469 0.052315
2 0.649870 0.459491 0.034115 0.058796
3 0.637370 0.394444 0.037240 0.063889
3 0.617318 0.255787 0.037760 0.060648
3 0.718099 0.483796 0.037760 0.064815
2 0.673047 0.384491 0.034115 0.058796
2 0.693490 0.431713 0.034375 0.059722
1 0.686068 0.315972 0.028906 0.050463
1 0.635286 0.124306 0.028385 0.046759
