0 0.460807 0.506250 0.027344 0.046759
0 0.272786 0.522454 0.026823 0.046759
3 0.293229 0.462731 0.036458 0.062500
1 0.544401 0.496065 0.029948 0.052315
3 0.303125 0.523380 0.035937 0.061574
1 0.335286 0.562731 0.029948 0.050463
2 0.377734 0.587269 0.035156 0.061574
2 0.536068 0.818750 0.035677 0.063426
1 0.573047 0.513194 0.029948 0.050463
1 0.354818 0.628935 0.030469 0.048611
1 0.590495 0.384954 0.029948 0.050463
1 0.474349 0.729861 0.030469 0.053241
0 0.416797 0.358102 0.026823 0.045833
1 0.627995 0.640972 0.029427 0.052315
0 0.527474 0.554861 0.027344 0.048611
3 0.546224 0.204398 0.037240 0.059722
2 0.497005 0.148380 0.032552 0.054167
1 0.550391 0.359954 0.028906 0.050463
0 0.644141 0.567361 0.027865 0.047685
3 0.636589 0.304861 0.037240 0.062500
0 0.589193 0.333102 0.026823 0.046759
2 0.680859 0.231250 0.033594 0.056944
0 0.712630 0.492361 0.027344 0.047685
2 0.631641 0.134954 0.033073 0.053241
0 0.536849 0.129398 0.026302 0.042130
2 0.592318 0.157176 0.033594 0.054167
2 0.713802 0.241435 0.032813 0.056019
1 0.667057 0.183102 0.028906 0.046759
2 0.741797 0.175694 0.033073 0.055093
