2 0.471745 0.433565 0.034635 0.058796
3 0.552995 0.500694 0.038281 0.064352
0 0.354557 0.757639 0.027344 0.047685
1 0.479036 0.589583 0.030469 0.052315
0 0.318620 0.412731 0.026823 0.045833
0 0.418359 0.375231 0.026823 0.045833
0 0.443880 0.456250 0.027344 0.045833
0 0.427995 0.648380 0.028385 0.047685
0 0.395443 0.573380 0.028385 0.047685
1 0.376432 0.507176 0.029948 0.050463
1 0.356380 0.423843 0.029427 0.049537
3 0.523568 0.459491 0.037760 0.063426
0 0.506641 0.581713 0.028385 0.047685
1 0.592318 0.485880 0.030469 0.051389
1 0.545964 0.776620 0.030469 0.053241
1 0.490755 0.369213 0.029427 0.049537
1 0.519401 0.360417 0.029948 0.050463
2 0.388411 0.288194 0.034635 0.056019
3 0.706641 0.626157 0.037760 0.065278
1 0.517839 0.215972 0.028906 0.047685
2 0.708464 0.549769 0.034115 0.061574
2 0.829557 0.499769 0.033073 0.058796
2 0.561849 0.184028 0.034115 0.054167
3 0.692578 0.240046 0.037760 0.062500
0 0.499089 0.177546 0.026823 0.043981
1 0.601432 0.119676 0.028385 0.046759
2 0.645182 0.392361 0.034635 0.058796
2 0.721224 0.478935 0.034635 0.058796
2 0.737370 0.095370 0.033073 0.054630
