0 0.271745 0.544676 0.026823 0.045833
2 0.376953 0.766898 0.035156 0.062500
2 0.342578 0.628009 0.034635 0.059722
0 0.338672 0.701157 0.027344 0.046759
2 0.371745 0.581713 0.034635 0.060648
3 0.533464 0.710417 0.039323 0.066204
1 0.388411 0.659491 0.029948 0.051389
0 0.307422 0.507639 0.026302 0.046759
3 0.340755 0.552083 0.037240 0.064352
2 0.374349 0.508102 0.036198 0.058796
1 0.336068 0.463194 0.029948 0.049537
1 0.374349 0.440509 0.029427 0.049537
2 0.427214 0.689120 0.036198 0.060648
3 0.588151 0.487269 0.038281 0.065278
0 0.337630 0.408565 0.027344 0.044907
2 0.423828 0.440046 0.035677 0.058796
2 0.429036 0.523380 0.035677 0.060648
2 0.623307 0.570139 0.035156 0.060648
1 0.532161 0.412731 0.029948 0.050463
2 0.655599 0.496065 0.034115 0.059722
1 0.712109 0.624306 0.029948 0.052315
1 0.509505 0.323843 0.029948 0.050463
1 0.528516 0.268287 0.029427 0.048611
0 0.539453 0.321528 0.026823 0.044907
2 0.641016 0.286806 0.033594 0.056944
2 0.655729 0.366898 0.034375 0.058796
0 0.585547 0.330324 0.027344 0.044907
1 0.535547 0.220139 0.029427 0.048611
1 0.584766 0.235417 0.029427 0.048611
2 0.674349 0.427083 0.034115 0.058796
3 0.678776 0.323380 0.036198 0.062500
0 0.611849 0.277546 0.027344 0.044907
3 0.589193 0.102546 0.036198 0.057870
3 0.721484 0.372917 0.037760 0.064352
