3 0.316016 0.790046 0.037240 0.066204
0 0.256641 0.771528 0.028906 0.050463
2 0.358464 0.648380 0.035156 0.058796
2 0.382682 0.714120 0.035156 0.060648
3 0.394661 0.647917 0.037760 0.066204
2 0.450651 0.575926 0.035156 0.060185
2 0.347526 0.715046 0.035677 0.060648
2 0.558984 0.642824 0.035156 0.063426
3 0.434245 0.689583 0.038281 0.066204
0 0.519922 0.583565 0.027865 0.047685
1 0.361589 0.577546 0.029427 0.051389
2 0.535547 0.688194 0.035156 0.061574
2 0.374870 0.488194 0.035156 0.056944
3 0.585547 0.386806 0.037760 0.063426
0 0.394141 0.528009 0.027344 0.046759
1 0.460547 0.400694 0.030469 0.049537
2 0.516016 0.475231 0.034635 0.059722
0 0.471745 0.307639 0.026823 0.044907
1 0.685156 0.519676 0.029687 0.051389
0 0.585807 0.266435 0.027344 0.043981
2 0.603255 0.335880 0.034635 0.057870
1 0.519141 0.278472 0.028906 0.048611
2 0.699089 0.604398 0.034635 0.062500
2 0.693099 0.378009 0.034115 0.058796
3 0.675911 0.310417 0.036198 0.063426
3 0.562370 0.070139 0.035677 0.056944
1 0.544922 0.296991 0.029427 0.048611
0 0.741406 0.455787 0.026562 0.046759
0 0.722526 0.511343 0.027344 0.046759
1 0.656120 0.421991 0.029948 0.050463
1 0.647266 0.335417 0.028906 0.049537
0 0.613672 0.240509 0.026823 0.044907
1 0.639974 0.136806 0.027865 0.045833
2 0.697266 0.115972 0.032552 0.054167
