0 0.329036 0.766435 0.026823 0.048611
3 0.270964 0.688657 0.036719 0.064352
0 0.321745 0.584491 0.026302 0.046759
1 0.247526 0.515972 0.028906 0.047685
1 0.406641 0.856713 0.030469 0.053241
2 0.352214 0.592824 0.035156 0.059722
2 0.371224 0.709491 0.035156 0.059722
3 0.560026 0.578935 0.038281 0.065278
1 0.541276 0.493287 0.029948 0.051389
2 0.554297 0.443750 0.035677 0.058796
3 0.607161 0.457639 0.037240 0.063426
1 0.435286 0.454861 0.029427 0.049537
2 0.479036 0.396991 0.034115 0.057870
1 0.413151 0.391898 0.029948 0.049537
0 0.588672 0.412731 0.027344 0.046759
1 0.441797 0.578935 0.029948 0.051389
3 0.535026 0.369676 0.037760 0.063426
0 0.406641 0.346065 0.027344 0.044907
1 0.463151 0.241435 0.028906 0.050463
0 0.647786 0.444676 0.027344 0.047685
2 0.510286 0.256250 0.034115 0.056944
0 0.671745 0.487269 0.026302 0.047685
0 0.638151 0.534028 0.027865 0.046759
0 0.606901 0.289120 0.026823 0.045833
2 0.728776 0.442361 0.034115 0.058796
1 0.708203 0.542361 0.029427 0.051389
2 0.648047 0.330787 0.033594 0.056944
1 0.745182 0.521991 0.028906 0.050463
2 0.722526 0.223380 0.033594 0.056944
