3 0.302734 0.596528 0.037240 0.064352
2 0.551432 0.429861 0.035156 0.059722
1 0.531380 0.475231 0.028906 0.049537
3 0.546224 0.541435 0.038802 0.065278
2 0.318880 0.476157 0.034115 0.057870
3 0.537240 0.651157 0.037500 0.065278
2 0.353516 0.377546 0.034115 0.057870
1 0.575391 0.487731 0.029948 0.050463
2 0.387109 0.378472 0.034115 0.057870
0 0.386328 0.474306 0.027344 0.046759
1 0.437370 0.652546 0.030469 0.052315
2 0.589714 0.558102 0.035156 0.060648
3 0.624609 0.407176 0.037240 0.063426
1 0.598828 0.441898 0.029427 0.050463
0 0.480078 0.681713 0.028385 0.048611
0 0.580078 0.371528 0.027865 0.046759
1 0.609245 0.491667 0.028906 0.050926
1 0.509245 0.544676 0.029948 0.052315
0 0.380599 0.328009 0.027865 0.044907
0 0.609766 0.600694 0.027865 0.047685
2 0.614193 0.293287 0.033073 0.056944
2 0.635547 0.336806 0.034115 0.058796
0 0.513151 0.241435 0.026302 0.043981
1 0.665885 0.322454 0.027604 0.048611
0 0.492318 0.304861 0.027344 0.045833
1 0.600781 0.243519 0.029167 0.049074
1 0.579036 0.212731 0.028385 0.046759
2 0.646615 0.269676 0.033333 0.056019
0 0.499349 0.189583 0.026823 0.043981
