3 0.496224 0.519213 0.037760 0.065278
2 0.304557 0.739120 0.035156 0.059722
1 0.507943 0.388194 0.028385 0.050463
0 0.477474 0.471065 0.027344 0.046759
0 0.215755 0.458102 0.025781 0.045833
1 0.314714 0.444676 0.029427 0.049537
2 0.559505 0.547454 0.034635 0.059722
1 0.533984 0.775231 0.030469 0.053241
1 0.461068 0.529398 0.029948 0.051389
0 0.459766 0.640046 0.027344 0.046759
3 0.486068 0.587269 0.037760 0.065278
0 0.497526 0.433102 0.026302 0.046759
1 0.470964 0.422917 0.028906 0.050463
0 0.410807 0.364120 0.027865 0.045833
1 0.577214 0.761343 0.030469 0.053241
1 0.530078 0.581250 0.029948 0.052315
3 0.518359 0.687269 0.037760 0.066204
2 0.595182 0.539120 0.034635 0.061574
2 0.481771 0.677546 0.035417 0.060648
2 0.443099 0.385880 0.034635 0.058796
2 0.539974 0.393750 0.035156 0.058796
1 0.589714 0.387269 0.029427 0.050463
2 0.623047 0.505787 0.034635 0.060648
3 0.497526 0.276620 0.037760 0.061574
2 0.560547 0.323380 0.034635 0.057870
0 0.437109 0.296528 0.026302 0.043981
1 0.526302 0.334954 0.030208 0.049537
0 0.636849 0.273380 0.027344 0.043981
0 0.703776 0.301157 0.026302 0.045833
