2 0.477734 0.458102 0.034635 0.059722
2 0.502474 0.921065 0.036719 0.065278
1 0.388151 0.867361 0.029427 0.052315
0 0.279557 0.482870 0.026302 0.046296
0 0.499870 0.809491 0.027344 0.050463
0 0.464453 0.398380 0.027344 0.046759
2 0.439193 0.635417 0.035677 0.060648
1 0.470703 0.609028 0.030469 0.052315
2 0.468880 0.698380 0.035156 0.061574
2 0.407943 0.748843 0.034635 0.058796
2 0.414714 0.574306 0.034635 0.060648
2 0.498437 0.637269 0.034896 0.061574
1 0.597786 0.684954 0.029948 0.052315
2 0.429818 0.701157 0.035156 0.061574
0 0.354557 0.478472 0.027344 0.045833
3 0.578516 0.426620 0.037760 0.064352
0 0.576432 0.651620 0.027865 0.046759
1 0.387370 0.521991 0.030469 0.051389
1 0.595443 0.491435 0.029948 0.052315
1 0.665495 0.608565 0.030469 0.052315
1 0.697786 0.726157 0.029427 0.053241
0 0.680339 0.688194 0.027344 0.047685
3 0.688411 0.537731 0.037760 0.065278
3 0.736589 0.588657 0.037240 0.065278
2 0.650391 0.494213 0.033594 0.059722
3 0.680339 0.372917 0.036719 0.063426
2 0.485807 0.183565 0.034115 0.055093
0 0.716536 0.631250 0.027865 0.048611
1 0.558203 0.252546 0.028906 0.047685
3 0.707682 0.457639 0.037760 0.064352
1 0.533464 0.162269 0.028906 0.046759
3 0.674609 0.278241 0.037240 0.062037
2 0.752995 0.413194 0.034115 0.058796
