1 0.243099 0.743056 0.027865 0.050926
3 0.259766 0.502546 0.036198 0.062500
1 0.230339 0.385880 0.028385 0.049537
1 0.327214 0.679398 0.028906 0.050463
3 0.456901 0.728472 0.038802 0.066204
0 0.333724 0.624306 0.027344 0.047685
0 0.554557 0.506250 0.027865 0.047685
0 0.323047 0.548380 0.026823 0.047685
2 0.402995 0.731713 0.035677 0.062500
2 0.313151 0.413657 0.034635 0.056019
3 0.372786 0.623380 0.037760 0.065278
2 0.371484 0.561343 0.035156 0.059722
1 0.426432 0.461343 0.030990 0.051389
1 0.261068 0.397917 0.029427 0.047685
0 0.449870 0.433102 0.027344 0.045833
0 0.441016 0.600231 0.027344 0.046759
2 0.658724 0.609954 0.034635 0.060648
2 0.664583 0.550231 0.034375 0.060648
2 0.499870 0.327083 0.034635 0.057870
0 0.468880 0.352546 0.026823 0.045833
0 0.674870 0.655324 0.028385 0.048611
2 0.628255 0.536343 0.033594 0.059722
0 0.641797 0.350231 0.027344 0.046759
1 0.468880 0.299306 0.028906 0.050463
1 0.678255 0.500694 0.029427 0.051389
1 0.670443 0.442824 0.029948 0.051389
3 0.730599 0.088657 0.036198 0.057870
2 0.595443 0.223843 0.034635 0.055093
1 0.716276 0.176620 0.027865 0.047685
