2 0.516276 0.526157 0.035156 0.059722
3 0.345964 0.782176 0.037760 0.066204
2 0.302995 0.700231 0.034635 0.060648
1 0.328385 0.623843 0.029687 0.050463
2 0.352734 0.556713 0.034635 0.058796
3 0.374870 0.364583 0.037760 0.063426
1 0.261589 0.537037 0.028385 0.050000
0 0.514714 0.722917 0.027344 0.047685
1 0.542839 0.571528 0.030990 0.052315
0 0.277214 0.382639 0.025781 0.045833
2 0.297135 0.525694 0.033333 0.058796
2 0.445182 0.644213 0.034635 0.062500
2 0.477995 0.663657 0.035156 0.062500
0 0.410026 0.665972 0.027865 0.048611
1 0.552734 0.625694 0.030990 0.053241
2 0.479557 0.724306 0.034635 0.060648
2 0.612109 0.485880 0.035156 0.059722
1 0.495964 0.449306 0.029427 0.051389
2 0.632161 0.697917 0.035156 0.061574
3 0.655078 0.783102 0.038281 0.067130
0 0.534245 0.403009 0.027865 0.045833
1 0.639583 0.570602 0.030208 0.052315
2 0.457161 0.181250 0.033594 0.055093
2 0.666016 0.668287 0.034115 0.063426
3 0.579557 0.158102 0.036719 0.059722
2 0.719401 0.645139 0.034635 0.060648
0 0.438151 0.218750 0.026823 0.043056
1 0.496745 0.190046 0.029427 0.048611
3 0.682943 0.415972 0.038281 0.063426
0 0.682552 0.576620 0.027604 0.047685
1 0.722005 0.567824 0.029427 0.051389
3 0.649219 0.270139 0.037500 0.060648
1 0.706901 0.519213 0.028906 0.051389
