0 0.238932 0.749306 0.028385 0.049537
2 0.286068 0.640972 0.034635 0.060648
2 0.219922 0.588194 0.034115 0.059722
1 0.499870 0.500694 0.029948 0.051389
2 0.553255 0.503009 0.035156 0.059722
0 0.420443 0.598380 0.026302 0.047685
3 0.402995 0.652083 0.038281 0.066204
0 0.393880 0.594676 0.027344 0.049537
3 0.364193 0.578472 0.037240 0.064352
1 0.367839 0.400231 0.029427 0.049537
0 0.504818 0.757639 0.027865 0.048611
0 0.595182 0.517361 0.027344 0.045833
0 0.599609 0.470602 0.027865 0.045833
0 0.570964 0.546528 0.027865 0.046759
3 0.600130 0.386574 0.036719 0.063889
0 0.523828 0.585417 0.027865 0.047685
1 0.580599 0.431250 0.029427 0.049537
1 0.498047 0.552546 0.030469 0.052315
2 0.622786 0.433565 0.033594 0.058796
0 0.444661 0.355787 0.027344 0.045833
2 0.752214 0.625694 0.034115 0.061574
2 0.541536 0.361343 0.035156 0.058796
1 0.689714 0.619676 0.029948 0.053241
1 0.579297 0.283102 0.028906 0.049537
2 0.567318 0.215972 0.034115 0.056019
1 0.647005 0.484028 0.029427 0.051389
2 0.611328 0.144676 0.033073 0.053241
1 0.779036 0.171528 0.028385 0.047685
3 0.760286 0.088426 0.035677 0.058333
