0 0.297005 0.723380 0.026302 0.047685
0 0.281901 0.380324 0.025781 0.045833
3 0.348958 0.600231 0.036458 0.064352
2 0.385547 0.558102 0.035156 0.059722
2 0.519661 0.423843 0.035156 0.057870
0 0.319661 0.580787 0.027344 0.046759
1 0.375130 0.690509 0.028906 0.052315
1 0.341016 0.390972 0.028385 0.048611
3 0.553516 0.570602 0.038281 0.066204
0 0.337630 0.689583 0.027344 0.049537
3 0.453255 0.653472 0.038802 0.065278
2 0.385026 0.620370 0.035156 0.060185
1 0.500391 0.377083 0.028906 0.049537
2 0.586589 0.520139 0.034635 0.059722
2 0.452214 0.468287 0.034635 0.058796
1 0.439453 0.391435 0.028385 0.048611
1 0.466536 0.375000 0.030469 0.050926
0 0.599870 0.453935 0.027344 0.047685
0 0.517318 0.509028 0.027344 0.046759
1 0.700130 0.710880 0.029948 0.054167
1 0.624219 0.480787 0.029167 0.050463
2 0.733464 0.561806 0.034115 0.060648
0 0.691536 0.619676 0.028385 0.048611
3 0.726693 0.622454 0.037240 0.064352
2 0.473568 0.312269 0.034635 0.057870
2 0.436068 0.311343 0.034115 0.057870
1 0.590755 0.296528 0.029427 0.048611
1 0.545703 0.228935 0.028906 0.046759
0 0.652474 0.205787 0.026823 0.043981
