2 0.284505 0.774769 0.035156 0.060648
1 0.473177 0.421991 0.029687 0.050463
0 0.324089 0.728935 0.027344 0.049537
2 0.458984 0.481713 0.034635 0.059722
1 0.257422 0.582639 0.028385 0.049537
0 0.382682 0.741435 0.027865 0.047685
0 0.435026 0.778472 0.027865 0.048611
1 0.599089 0.568287 0.030469 0.052315
1 0.364974 0.524306 0.029948 0.050463
2 0.327995 0.426620 0.033594 0.056944
3 0.542318 0.400694 0.037760 0.063426
2 0.594401 0.484028 0.035677 0.060648
0 0.593099 0.642824 0.027865 0.047685
0 0.476172 0.549769 0.027344 0.048611
3 0.501432 0.385880 0.038281 0.063426
1 0.428776 0.455787 0.029948 0.050463
0 0.620443 0.434028 0.025781 0.046759
3 0.578776 0.217361 0.037240 0.059722
1 0.418099 0.276157 0.028906 0.049537
2 0.463932 0.274306 0.034115 0.056019
3 0.679036 0.464583 0.036719 0.064352
2 0.633984 0.487269 0.034115 0.061574
2 0.629557 0.280787 0.034635 0.056019
1 0.525651 0.187269 0.029427 0.047685
2 0.556380 0.170139 0.034115 0.054167
1 0.647786 0.427546 0.029427 0.050463
0 0.745182 0.506713 0.026823 0.046759
0 0.672526 0.289583 0.027344 0.044907
1 0.655339 0.229398 0.028906 0.047685
