2 0.237891 0.625694 0.035677 0.063426
2 0.275130 0.572917 0.034635 0.058796
1 0.339193 0.681713 0.029948 0.051389
2 0.588672 0.672454 0.035156 0.062500
1 0.324349 0.434491 0.029427 0.048611
1 0.539453 0.408565 0.030469 0.050463
3 0.444401 0.698843 0.037760 0.067130
1 0.364193 0.424306 0.029948 0.049537
0 0.317839 0.564583 0.027344 0.046759
1 0.437630 0.767361 0.029948 0.054167
1 0.412630 0.423843 0.029948 0.049537
2 0.406120 0.367824 0.034635 0.057870
2 0.347526 0.525231 0.035156 0.059722
0 0.600651 0.522454 0.027344 0.048611
1 0.599089 0.431713 0.028906 0.050463
2 0.427474 0.078935 0.034115 0.052315
1 0.374870 0.351620 0.028906 0.048611
0 0.635286 0.531250 0.026823 0.047685
3 0.626693 0.468287 0.037760 0.064352
2 0.570703 0.234491 0.034115 0.056019
3 0.509766 0.318750 0.037760 0.061574
2 0.458464 0.246528 0.034635 0.056019
0 0.414714 0.190509 0.026823 0.043981
3 0.597005 0.359954 0.037760 0.063426
1 0.626172 0.185417 0.028906 0.046759
2 0.692187 0.503009 0.033854 0.059722
3 0.581641 0.131713 0.036198 0.057870
0 0.598307 0.201157 0.026823 0.043981
2 0.611719 0.284028 0.033854 0.056019
0 0.661068 0.445139 0.027344 0.046759
0 0.487109 0.089120 0.026302 0.042130
2 0.547526 0.146065 0.034115 0.053241
2 0.705859 0.278009 0.033594 0.057870
2 0.723568 0.328935 0.033073 0.057870
