0 0.581901 0.592361 0.026823 0.047685
0 0.401693 0.620139 0.027865 0.047685
1 0.563151 0.555787 0.028906 0.051389
1 0.334505 0.447917 0.029948 0.049537
3 0.577995 0.405787 0.037760 0.063426
3 0.351432 0.395602 0.036719 0.063426
3 0.595443 0.543287 0.035156 0.064352
1 0.592578 0.646528 0.030469 0.053241
1 0.290625 0.466898 0.029167 0.048611
0 0.517839 0.656250 0.027865 0.047685
0 0.624349 0.592824 0.027865 0.047685
2 0.445964 0.645602 0.035156 0.062500
1 0.357161 0.520602 0.029427 0.049537
0 0.569661 0.479398 0.027865 0.046759
2 0.391536 0.549306 0.034635 0.059722
0 0.392839 0.468750 0.027344 0.046759
2 0.655599 0.635417 0.035156 0.061574
0 0.655078 0.573843 0.026823 0.047685
2 0.587891 0.278009 0.034115 0.056944
1 0.626172 0.328009 0.028906 0.050463
3 0.667188 0.401157 0.037500 0.062500
1 0.502734 0.344213 0.029948 0.049537
1 0.651953 0.350694 0.029427 0.050463
2 0.543880 0.345139 0.034635 0.058796
1 0.623828 0.272454 0.028906 0.048611
2 0.698047 0.445602 0.034115 0.059722
3 0.679818 0.215046 0.036198 0.060648
0 0.642839 0.153009 0.026302 0.043056
2 0.586589 0.207870 0.033594 0.055556
