1 0.285547 0.725231 0.028385 0.051389
3 0.324349 0.516898 0.037240 0.064352
3 0.507682 0.404398 0.038281 0.064352
0 0.326693 0.461806 0.026302 0.046759
0 0.321745 0.671991 0.026823 0.047685
3 0.465755 0.526157 0.038281 0.064352
2 0.374870 0.606250 0.035156 0.059722
1 0.360807 0.402546 0.029427 0.047685
0 0.425130 0.613657 0.028385 0.047685
3 0.600521 0.546065 0.037500 0.066204
2 0.564453 0.552083 0.035677 0.060648
2 0.502995 0.612731 0.035677 0.061574
1 0.575391 0.644213 0.029948 0.051389
1 0.514193 0.476157 0.029427 0.051389
1 0.575391 0.397454 0.029948 0.049537
2 0.605078 0.414583 0.034115 0.057870
0 0.380859 0.309954 0.027344 0.044907
1 0.444401 0.330324 0.029427 0.049537
0 0.662891 0.635880 0.027865 0.046759
2 0.598047 0.322454 0.034115 0.057870
0 0.485286 0.288657 0.027344 0.044907
0 0.541797 0.210880 0.026302 0.043981
1 0.639453 0.310880 0.029427 0.049537
2 0.632943 0.473843 0.034635 0.058796
2 0.708203 0.190046 0.033073 0.055093
3 0.732682 0.153009 0.035677 0.059722
1 0.658984 0.202083 0.028906 0.047685
3 0.729557 0.297454 0.036198 0.060648
1 0.777474 0.381250 0.028906 0.050463
2 0.723307 0.240509 0.033594 0.055093
