2 0.241276 0.590046 0.033594 0.059722
0 0.297526 0.770139 0.026823 0.047685
0 0.304297 0.651620 0.026302 0.047685
2 0.604297 0.668287 0.034635 0.063426
2 0.344401 0.503472 0.034635 0.057870
1 0.383724 0.402546 0.029427 0.049537
3 0.587370 0.585880 0.038281 0.066204
2 0.504557 0.591435 0.035677 0.060648
2 0.594922 0.479398 0.035156 0.059722
0 0.534505 0.753935 0.028385 0.048611
1 0.432682 0.552546 0.029948 0.051389
0 0.452995 0.685417 0.027865 0.048611
1 0.617708 0.523843 0.030208 0.051389
3 0.736589 0.705787 0.038281 0.067130
0 0.543620 0.385880 0.027865 0.046759
1 0.636068 0.659028 0.030469 0.054167
2 0.412370 0.215509 0.034115 0.055093
2 0.409245 0.125231 0.033594 0.053241
1 0.443620 0.210880 0.029427 0.046759
1 0.786849 0.656250 0.029427 0.053241
0 0.497526 0.282639 0.026302 0.044907
0 0.566536 0.258102 0.027344 0.043981
1 0.651693 0.466435 0.029427 0.051389
1 0.806641 0.276157 0.027865 0.048611
3 0.769141 0.140972 0.036198 0.058796
3 0.788151 0.322454 0.036719 0.062500
1 0.711849 0.215509 0.027865 0.048611
