3 0.468229 0.610880 0.039062 0.065278
2 0.316536 0.474769 0.034635 0.057870
1 0.446224 0.565509 0.029948 0.050463
2 0.453255 0.443750 0.035156 0.058796
1 0.416536 0.444213 0.029948 0.051389
0 0.443620 0.688194 0.027865 0.048611
3 0.465234 0.378009 0.036719 0.061574
1 0.422005 0.529861 0.029427 0.052315
2 0.536849 0.403935 0.034635 0.058796
2 0.565495 0.434491 0.034115 0.059722
0 0.555078 0.485880 0.027865 0.046759
0 0.433203 0.484491 0.027344 0.047685
2 0.419141 0.388194 0.034115 0.057870
2 0.593099 0.402083 0.035156 0.059722
0 0.623568 0.444213 0.027344 0.048611
0 0.587891 0.470602 0.026823 0.046759
2 0.384766 0.324769 0.034635 0.056019
0 0.503516 0.393750 0.027865 0.046759
2 0.459505 0.272454 0.034115 0.056019
3 0.689714 0.673843 0.038802 0.067130
1 0.553255 0.357176 0.029427 0.049537
3 0.717839 0.557639 0.038281 0.065278
1 0.482552 0.525231 0.029687 0.052315
3 0.491276 0.174769 0.036198 0.060648
0 0.704297 0.484954 0.026823 0.048611
3 0.724349 0.336574 0.036719 0.062963
1 0.505078 0.128009 0.028385 0.046759
1 0.646484 0.414583 0.029427 0.050463
1 0.687109 0.390509 0.029427 0.049537
2 0.733854 0.404398 0.033854 0.060648
2 0.687370 0.337731 0.033073 0.056944
2 0.791016 0.407407 0.033073 0.058333
2 0.757682 0.363657 0.033073 0.057870
1 0.749609 0.295139 0.028906 0.049537
