1 0.496484 0.459491 0.029427 0.051389
3 0.315495 0.671528 0.036719 0.065278
1 0.489974 0.843287 0.030990 0.054167
2 0.401953 0.732176 0.035156 0.062500
2 0.413932 0.653009 0.035156 0.061574
2 0.457161 0.649306 0.035677 0.061574
0 0.431901 0.467824 0.027865 0.046759
0 0.377344 0.441898 0.028125 0.045833
2 0.612630 0.580324 0.034635 0.061574
2 0.602474 0.461806 0.034115 0.058796
1 0.448828 0.544676 0.029427 0.053241
0 0.507422 0.377546 0.026823 0.045833
3 0.481380 0.525694 0.037240 0.065278
0 0.541016 0.453472 0.027865 0.047685
1 0.621484 0.635417 0.030469 0.052315
0 0.601953 0.527546 0.027865 0.047685
1 0.657682 0.676620 0.030469 0.053241
1 0.529557 0.404861 0.028385 0.050463
1 0.633984 0.532639 0.030469 0.052315
3 0.772266 0.548843 0.037240 0.064352
2 0.647526 0.595602 0.034635 0.061574
0 0.440234 0.275231 0.026823 0.043981
1 0.686328 0.515972 0.029948 0.050463
2 0.696224 0.370602 0.034115 0.058796
2 0.714453 0.493287 0.033594 0.059722
0 0.763151 0.461806 0.026823 0.045833
3 0.806380 0.404398 0.036198 0.062500
1 0.651953 0.371991 0.029427 0.050463
0 0.745443 0.397917 0.027344 0.045833
