3 0.267057 0.485880 0.036198 0.063426
1 0.281380 0.695139 0.028906 0.051389
2 0.492578 0.471991 0.035677 0.059722
1 0.329557 0.443287 0.028385 0.049537
2 0.382422 0.701620 0.035677 0.060648
2 0.593620 0.586806 0.035156 0.061574
3 0.487891 0.713657 0.038802 0.066204
2 0.386719 0.378472 0.033854 0.056019
3 0.388672 0.598380 0.037760 0.064352
0 0.376172 0.429398 0.026823 0.045833
1 0.356901 0.502546 0.028906 0.048611
0 0.515755 0.685417 0.027865 0.048611
1 0.552995 0.398380 0.029427 0.049537
1 0.399870 0.457176 0.029427 0.049537
0 0.355339 0.454861 0.026823 0.046759
1 0.418880 0.385417 0.029948 0.049537
2 0.387370 0.507176 0.035156 0.058796
2 0.512630 0.320139 0.034635 0.057870
2 0.426953 0.198843 0.034115 0.054167
2 0.458203 0.294676 0.033594 0.056019
1 0.626953 0.397917 0.028385 0.051389
2 0.642578 0.214583 0.034115 0.055093
3 0.573828 0.236343 0.037240 0.061574
0 0.676953 0.311343 0.026823 0.043981
1 0.665755 0.372917 0.029427 0.050463
2 0.741276 0.341898 0.033594 0.057870
3 0.655339 0.430787 0.037760 0.064352
2 0.718359 0.235880 0.034115 0.055093
2 0.614974 0.324306 0.034115 0.057870
0 0.514453 0.188657 0.026302 0.043981
1 0.648568 0.317130 0.029948 0.049074
0 0.695703 0.367824 0.026823 0.044907
0 0.730078 0.389583 0.026302 0.045833
3 0.702344 0.284954 0.036458 0.060648
