3 0.305859 0.763657 0.036719 0.065278
0 0.416276 0.881713 0.027865 0.050463
1 0.470964 0.919213 0.031510 0.054167
1 0.348047 0.850231 0.029948 0.052315
1 0.394401 0.725694 0.030469 0.052315
2 0.299089 0.475231 0.034115 0.056944
1 0.291797 0.624306 0.028385 0.052315
3 0.489193 0.556713 0.037760 0.065278
0 0.350130 0.621528 0.027865 0.047685
2 0.566927 0.586343 0.035417 0.060648
0 0.361328 0.557639 0.026823 0.045833
2 0.606901 0.841435 0.037760 0.063426
0 0.399870 0.575694 0.027344 0.047685
3 0.579036 0.722454 0.038802 0.067130
1 0.378776 0.393750 0.028906 0.050463
1 0.451172 0.539120 0.029427 0.050463
2 0.352995 0.492824 0.034635 0.058796
1 0.382943 0.454398 0.029948 0.050463
1 0.606641 0.761806 0.029948 0.053241
1 0.413151 0.360880 0.029427 0.048611
2 0.543620 0.418750 0.036198 0.057870
2 0.482422 0.309954 0.034635 0.057870
2 0.450911 0.330324 0.034635 0.056944
2 0.700391 0.642361 0.034635 0.061574
0 0.481641 0.203472 0.026302 0.043056
2 0.646745 0.448843 0.034635 0.059722
2 0.729818 0.578009 0.034115 0.060648
3 0.608984 0.194213 0.037760 0.059722
2 0.525911 0.173380 0.033594 0.055093
3 0.645182 0.277083 0.037240 0.061574
2 0.710026 0.503935 0.034115 0.059722
0 0.724089 0.410880 0.027865 0.047685
3 0.732422 0.319676 0.036719 0.063426
