0 0.322526 0.951157 0.029948 0.052315
0 0.236328 0.881713 0.026302 0.046759
0 0.211068 0.502083 0.028906 0.046759
0 0.266016 0.617824 0.026302 0.046759
2 0.291536 0.657176 0.034115 0.058796
0 0.321484 0.732176 0.026823 0.046759
2 0.386328 0.594676 0.035156 0.062500
2 0.474089 0.740509 0.035677 0.061574
2 0.313151 0.376157 0.033073 0.058796
2 0.399089 0.452083 0.035156 0.059722
3 0.357682 0.403009 0.036719 0.061574
0 0.372266 0.541898 0.027344 0.046759
1 0.580859 0.663657 0.030990 0.053241
0 0.431380 0.536343 0.027865 0.046759
3 0.510807 0.366435 0.038281 0.063426
1 0.509766 0.635880 0.030469 0.051389
1 0.546224 0.475694 0.028906 0.050463
2 0.382682 0.341435 0.034635 0.057870
3 0.660807 0.732639 0.038802 0.067130
1 0.632682 0.680324 0.030469 0.053241
2 0.687630 0.484491 0.034635 0.060648
1 0.567578 0.343750 0.029948 0.049537
3 0.481901 0.269213 0.037760 0.060648
1 0.741797 0.664120 0.029427 0.053241
1 0.517839 0.220139 0.028906 0.047685
0 0.518620 0.293750 0.026823 0.045833
3 0.573307 0.286806 0.037240 0.063426
2 0.792318 0.509028 0.033594 0.059722
2 0.625130 0.115972 0.033594 0.054167
3 0.591276 0.214583 0.037240 0.060648
2 0.760547 0.421065 0.034115 0.059722
0 0.767839 0.216204 0.026823 0.044444
