2 0.389193 0.559028 0.036198 0.057870
3 0.410026 0.500231 0.038281 0.065278
1 0.423307 0.558565 0.028906 0.051389
3 0.341536 0.412731 0.037760 0.061574
0 0.334245 0.590509 0.027344 0.046759
3 0.435286 0.622454 0.037760 0.065278
2 0.351693 0.540046 0.034635 0.058796
1 0.460026 0.760880 0.029948 0.052315
0 0.493359 0.562731 0.027865 0.048611
1 0.455339 0.535417 0.029948 0.050463
0 0.403255 0.656250 0.027344 0.047685
2 0.546484 0.615046 0.035677 0.060648
1 0.499870 0.403009 0.029948 0.051389
0 0.541797 0.418750 0.026823 0.046759
1 0.574609 0.375231 0.029427 0.051389
1 0.489193 0.344676 0.030469 0.049537
0 0.506120 0.305324 0.026823 0.044907
3 0.432422 0.253935 0.037240 0.059722
3 0.706120 0.568750 0.037760 0.065278
2 0.617839 0.315046 0.034635 0.056019
3 0.684115 0.513194 0.037500 0.064352
1 0.519922 0.348843 0.030469 0.047685
1 0.629036 0.366435 0.029948 0.049537
2 0.530599 0.200231 0.033594 0.055093
2 0.611979 0.259028 0.033854 0.056944
0 0.578516 0.187269 0.026302 0.043981
1 0.684635 0.426620 0.029167 0.051389
2 0.775651 0.409954 0.033594 0.058796
0 0.665234 0.284491 0.026823 0.044907
2 0.717057 0.306713 0.033073 0.058796
