0 0.329297 0.745602 0.027344 0.046759
2 0.288411 0.567824 0.034115 0.058796
3 0.314193 0.635417 0.037240 0.064352
2 0.366797 0.749306 0.035677 0.060648
0 0.514974 0.420139 0.027344 0.046759
1 0.295182 0.497454 0.028906 0.048611
1 0.314453 0.536343 0.028906 0.050463
1 0.401302 0.729861 0.030208 0.053241
3 0.413672 0.508102 0.037760 0.063426
1 0.536068 0.459954 0.030469 0.051389
2 0.391276 0.442824 0.035156 0.058796
0 0.564453 0.447917 0.026823 0.046759
1 0.397786 0.585417 0.029948 0.050463
0 0.559505 0.688657 0.027344 0.048611
0 0.330859 0.442824 0.026823 0.046759
0 0.527734 0.695602 0.027865 0.048611
3 0.642839 0.598843 0.038281 0.066204
0 0.445964 0.328009 0.027344 0.045833
3 0.531901 0.265509 0.038281 0.061574
1 0.468880 0.296991 0.029948 0.048611
2 0.639714 0.338657 0.034115 0.059722
1 0.513411 0.530787 0.029948 0.052315
1 0.727344 0.397454 0.029167 0.051389
2 0.667839 0.388657 0.034115 0.058796
2 0.673047 0.509954 0.034635 0.059722
2 0.741276 0.535417 0.033073 0.058796
0 0.736328 0.308565 0.026823 0.045833
1 0.608464 0.225694 0.028906 0.047685
2 0.773307 0.458565 0.033594 0.060648
