0 0.363411 0.622454 0.028385 0.046759
1 0.311328 0.683102 0.030469 0.051389
2 0.245443 0.470602 0.033594 0.056944
2 0.363151 0.682639 0.035156 0.059722
1 0.382682 0.486806 0.030469 0.049537
1 0.342839 0.367361 0.030469 0.049537
3 0.466536 0.722917 0.038281 0.067130
2 0.261068 0.417824 0.033073 0.056944
2 0.378255 0.395139 0.034635 0.057870
1 0.385286 0.537269 0.029948 0.052315
3 0.463151 0.606713 0.039323 0.065278
2 0.421484 0.657639 0.035677 0.060648
2 0.445964 0.415046 0.035156 0.057870
1 0.442318 0.358565 0.028906 0.049537
2 0.406901 0.360417 0.035156 0.056944
1 0.520443 0.420602 0.029427 0.049537
0 0.501172 0.270602 0.026302 0.044907
1 0.632422 0.503935 0.030469 0.051389
3 0.670443 0.496991 0.037760 0.065278
2 0.550130 0.339583 0.034635 0.056944
0 0.652995 0.326620 0.026302 0.044907
2 0.578776 0.190972 0.033594 0.055093
3 0.727214 0.410880 0.036719 0.062500
0 0.589193 0.271991 0.025260 0.043981
2 0.678646 0.394213 0.033854 0.057870
3 0.662370 0.181250 0.036719 0.059722
0 0.570964 0.240972 0.026823 0.044907
2 0.614714 0.295602 0.033594 0.057870
3 0.686849 0.299306 0.037240 0.063426
1 0.768620 0.401620 0.028906 0.050463
0 0.659505 0.256713 0.026823 0.044907
2 0.687630 0.234028 0.032552 0.056944
0 0.706120 0.353472 0.026823 0.046759
1 0.753255 0.329398 0.029427 0.049537
0 0.175391 0.418750 0.029427 0.034722
