1 0.285807 0.771528 0.028906 0.053241
2 0.481641 0.474769 0.035156 0.059722
2 0.308464 0.649306 0.034635 0.058796
3 0.341536 0.548843 0.037240 0.063426
0 0.310026 0.524306 0.027344 0.047685
3 0.356250 0.690509 0.037500 0.066204
2 0.488672 0.553009 0.034635 0.061574
1 0.556120 0.439120 0.029427 0.051389
2 0.347005 0.486806 0.034635 0.057870
0 0.426693 0.361806 0.027344 0.044907
1 0.337630 0.374769 0.028385 0.049537
0 0.460026 0.438657 0.026823 0.045833
0 0.514453 0.613657 0.027865 0.049537
3 0.584766 0.466898 0.037240 0.064352
3 0.525130 0.458565 0.037240 0.064352
0 0.558203 0.699769 0.027865 0.048611
2 0.623568 0.584028 0.035156 0.061574
1 0.624219 0.378935 0.029687 0.049537
1 0.560807 0.362269 0.028906 0.050463
0 0.402734 0.327083 0.026823 0.045833
0 0.484245 0.354398 0.026302 0.044907
1 0.664974 0.496065 0.029948 0.051389
2 0.681901 0.447917 0.034115 0.059722
2 0.597526 0.339120 0.034635 0.057870
2 0.729557 0.468287 0.033594 0.058796
1 0.720573 0.520139 0.028646 0.050463
1 0.703776 0.331250 0.028385 0.048611
1 0.567318 0.231250 0.029427 0.048611
0 0.654297 0.144213 0.026302 0.042130
