1 0.242839 0.732639 0.028906 0.050463
2 0.273568 0.709722 0.033594 0.060185
3 0.339453 0.726157 0.037760 0.066204
2 0.363411 0.678009 0.035677 0.059722
0 0.321224 0.576620 0.027344 0.046759
1 0.302734 0.471528 0.029427 0.049537
1 0.287109 0.412731 0.028906 0.046759
2 0.604557 0.620602 0.035156 0.060648
1 0.574870 0.495139 0.030469 0.051389
2 0.502995 0.377083 0.034635 0.056019
3 0.559245 0.588194 0.038281 0.066204
2 0.631120 0.837269 0.036719 0.063426
0 0.591276 0.723843 0.027865 0.047685
2 0.590755 0.380324 0.035156 0.057870
0 0.595964 0.551157 0.027865 0.048611
1 0.377995 0.385417 0.029427 0.049537
0 0.559505 0.402546 0.027865 0.046759
0 0.422526 0.164583 0.026823 0.042130
3 0.545182 0.345139 0.037760 0.063426
2 0.626693 0.370139 0.034635 0.058796
2 0.513411 0.315972 0.034635 0.057870
0 0.454557 0.257639 0.027344 0.044907
2 0.661849 0.404167 0.033073 0.058333
3 0.464714 0.200694 0.036719 0.060648
0 0.691406 0.386806 0.026562 0.046759
2 0.588151 0.303935 0.034115 0.056944
1 0.666797 0.490972 0.029948 0.050463
3 0.557422 0.195602 0.036719 0.059722
2 0.483464 0.149769 0.033594 0.053241
2 0.666016 0.552083 0.034115 0.061574
3 0.698828 0.471065 0.036198 0.064352
1 0.637109 0.491898 0.030469 0.050463
1 0.717318 0.317361 0.027865 0.049537
1 0.702995 0.206944 0.028385 0.048148
