0 0.216276 0.794676 0.025781 0.046759
2 0.272786 0.756713 0.033594 0.061574
2 0.315755 0.715046 0.033594 0.061574
2 0.208984 0.539583 0.033073 0.059722
0 0.324349 0.647454 0.027344 0.048611
3 0.254036 0.510880 0.036719 0.062500
0 0.364714 0.545139 0.026823 0.045833
1 0.395964 0.536806 0.029948 0.050463
2 0.437370 0.529861 0.034635 0.058796
1 0.397526 0.454398 0.030469 0.049537
1 0.543880 0.618750 0.030469 0.051389
1 0.500391 0.556713 0.030469 0.052315
3 0.456380 0.294676 0.036719 0.061574
0 0.454818 0.132639 0.027865 0.043981
1 0.429818 0.173843 0.028906 0.045833
2 0.434766 0.233102 0.034115 0.056944
0 0.481120 0.134491 0.026302 0.043056
0 0.464453 0.203472 0.026823 0.043981
2 0.707422 0.338194 0.033594 0.057870
0 0.543359 0.098380 0.025781 0.042130
2 0.572526 0.167824 0.034115 0.054167
1 0.570182 0.221991 0.028906 0.047685
1 0.612370 0.131713 0.027865 0.045833
1 0.666016 0.242824 0.027865 0.047685
3 0.666536 0.119676 0.036198 0.057870
0 0.674219 0.293287 0.027083 0.044907
3 0.764974 0.107176 0.035677 0.057870
