2 0.453776 0.887269 0.034635 0.063426
0 0.466016 0.644676 0.028385 0.047685
3 0.444401 0.694213 0.038802 0.066204
3 0.555339 0.611574 0.036719 0.065741
3 0.489974 0.590509 0.038802 0.066204
0 0.537891 0.487731 0.027865 0.047685
1 0.406120 0.669213 0.029948 0.053241
3 0.440495 0.810880 0.038281 0.066204
1 0.499609 0.671065 0.029948 0.052315
0 0.525911 0.633796 0.027344 0.048148
2 0.575391 0.508565 0.034635 0.059722
2 0.412370 0.728935 0.035156 0.063426
2 0.547786 0.548843 0.035677 0.060648
0 0.602474 0.789120 0.028385 0.049537
1 0.552734 0.440972 0.030469 0.051389
1 0.643359 0.823380 0.031510 0.053241
0 0.551953 0.335417 0.027344 0.045833
0 0.613411 0.528935 0.027344 0.047685
1 0.585807 0.433102 0.029948 0.051389
2 0.606641 0.474769 0.034115 0.059722
2 0.631380 0.744676 0.034115 0.062500
0 0.620964 0.404861 0.027865 0.047685
2 0.685807 0.599306 0.034635 0.062500
1 0.644401 0.640509 0.030469 0.053241
1 0.555599 0.279861 0.029427 0.049537
2 0.646224 0.490278 0.034635 0.060185
0 0.582682 0.360417 0.027344 0.045833
1 0.663672 0.705787 0.029948 0.053241
1 0.580339 0.248380 0.028906 0.047685
