0 0.523047 0.415972 0.026302 0.047685
0 0.529036 0.467361 0.027344 0.047685
0 0.261068 0.696065 0.027344 0.047685
3 0.408984 0.428472 0.037240 0.064352
2 0.497005 0.447917 0.035156 0.061574
3 0.599349 0.667361 0.038802 0.066204
0 0.506901 0.375694 0.027344 0.046759
2 0.364714 0.565046 0.035156 0.060648
2 0.380859 0.621065 0.033594 0.059722
2 0.368099 0.443287 0.034115 0.058796
1 0.467057 0.363194 0.030469 0.050463
1 0.622786 0.776157 0.029948 0.054167
0 0.522526 0.729398 0.027865 0.048611
2 0.378255 0.508102 0.034635 0.057870
3 0.481901 0.504398 0.037240 0.063426
2 0.343620 0.519213 0.033594 0.058796
1 0.447266 0.252546 0.028906 0.048611
1 0.754297 0.639583 0.029948 0.052315
0 0.556901 0.359954 0.027865 0.046759
0 0.498307 0.300694 0.027344 0.046759
2 0.466797 0.310880 0.034635 0.056944
3 0.538932 0.315972 0.037760 0.061574
0 0.668880 0.554398 0.027865 0.047685
2 0.683464 0.223843 0.033594 0.054167
1 0.477214 0.254398 0.029948 0.048611
1 0.668620 0.178009 0.027865 0.047685
1 0.674609 0.372454 0.029427 0.051389
1 0.680990 0.274306 0.029167 0.048611
1 0.735417 0.193750 0.028125 0.045833
