0 0.344661 0.800231 0.027344 0.046759
0 0.319401 0.647222 0.027344 0.049074
3 0.572786 0.764583 0.038802 0.067130
3 0.597396 0.544213 0.038021 0.066204
2 0.455339 0.703009 0.035156 0.061574
2 0.564714 0.672454 0.035156 0.061574
0 0.398568 0.415972 0.027344 0.046759
2 0.392839 0.559028 0.035156 0.058796
0 0.317318 0.457176 0.026302 0.045833
1 0.333203 0.395602 0.028906 0.050463
1 0.293880 0.396991 0.028385 0.048611
1 0.599089 0.638194 0.030469 0.052315
2 0.575651 0.466435 0.035677 0.060648
0 0.503776 0.660417 0.028385 0.047685
2 0.345443 0.470602 0.033594 0.057870
0 0.435807 0.610880 0.027865 0.047685
1 0.631380 0.653935 0.029948 0.053241
1 0.634505 0.564120 0.028906 0.052315
2 0.444401 0.199306 0.034115 0.054167
2 0.443880 0.108102 0.033594 0.053241
1 0.531641 0.177083 0.029427 0.047685
0 0.551953 0.244676 0.027344 0.044907
2 0.664974 0.469676 0.035156 0.059722
3 0.685026 0.071528 0.035677 0.056944
1 0.763411 0.534028 0.029427 0.051389
0 0.630339 0.124306 0.026823 0.042130
1 0.667839 0.218287 0.028906 0.046759
3 0.739193 0.241435 0.036719 0.061574
1 0.707943 0.188657 0.029427 0.045833
