0 0.352474 0.696991 0.027344 0.046759
0 0.540755 0.565509 0.026823 0.046759
2 0.612370 0.540509 0.034635 0.060648
1 0.497526 0.411574 0.028906 0.050926
1 0.336849 0.568287 0.029427 0.052315
2 0.440755 0.515046 0.034635 0.058796
2 0.592057 0.650231 0.035156 0.061574
2 0.526432 0.433565 0.034635 0.058796
1 0.446484 0.635417 0.030469 0.053241
0 0.618880 0.448380 0.026823 0.047685
2 0.482422 0.505324 0.035156 0.058796
2 0.407161 0.455324 0.034635 0.057870
1 0.494922 0.557639 0.029427 0.051389
3 0.581380 0.396528 0.038281 0.063426
1 0.626953 0.656713 0.030469 0.053241
1 0.637891 0.506250 0.029427 0.052315
0 0.511328 0.479398 0.027865 0.046759
2 0.459245 0.287269 0.034115 0.056944
2 0.494401 0.294213 0.035156 0.056019
3 0.571484 0.252083 0.037240 0.060648
3 0.688411 0.367361 0.036719 0.063426
3 0.471484 0.446528 0.037760 0.063426
2 0.477474 0.370139 0.034635 0.057870
0 0.627734 0.405324 0.026302 0.046759
1 0.637630 0.303472 0.028906 0.049537
2 0.508984 0.148380 0.033594 0.053241
2 0.654818 0.384954 0.033594 0.058796
3 0.530859 0.315046 0.038281 0.062500
0 0.629036 0.358565 0.026823 0.046759
3 0.651432 0.445602 0.036719 0.063426
1 0.661849 0.332639 0.028906 0.048611
2 0.604297 0.311343 0.033594 0.056944
0 0.641536 0.562731 0.026823 0.048611
1 0.533203 0.236806 0.028385 0.048611
