2 0.268880 0.535417 0.033594 0.057870
1 0.365234 0.785880 0.030469 0.050463
3 0.283724 0.654398 0.037240 0.063426
0 0.239714 0.434259 0.027865 0.046296
1 0.349349 0.715509 0.030469 0.050463
2 0.385286 0.659028 0.035156 0.060648
0 0.531380 0.819213 0.027865 0.048611
2 0.446745 0.359954 0.034635 0.057870
3 0.489453 0.523843 0.037760 0.065278
0 0.384766 0.560417 0.027344 0.047685
3 0.557161 0.541898 0.037760 0.065278
1 0.385547 0.510417 0.029948 0.049537
3 0.601042 0.452546 0.037500 0.064352
1 0.491276 0.415046 0.030469 0.051389
2 0.601172 0.517361 0.034635 0.060648
2 0.446224 0.217361 0.033594 0.055093
1 0.526693 0.385880 0.029948 0.051389
1 0.384245 0.292824 0.029948 0.048611
3 0.658984 0.526157 0.038802 0.064352
2 0.464193 0.281713 0.034115 0.057870
1 0.610807 0.184954 0.028906 0.047685
0 0.516276 0.144676 0.026823 0.043056
0 0.720703 0.530787 0.026823 0.047685
2 0.593359 0.261806 0.034115 0.057870
3 0.555599 0.206250 0.037240 0.059722
2 0.581641 0.167824 0.033594 0.054167
2 0.675911 0.588657 0.035156 0.061574
0 0.695964 0.466435 0.027344 0.046759
2 0.556641 0.112731 0.033073 0.053241
2 0.647786 0.450231 0.034115 0.059722
0 0.676432 0.243287 0.026823 0.044907
1 0.646875 0.392361 0.029167 0.049537
2 0.671875 0.360417 0.034375 0.058796
0 0.498177 0.115509 0.026042 0.043056
