2 0.498828 0.485880 0.035156 0.060648
2 0.388672 0.923843 0.037760 0.061574
2 0.254557 0.590046 0.034635 0.058796
1 0.377734 0.736806 0.030469 0.051389
0 0.308724 0.546528 0.026823 0.047685
2 0.398828 0.662731 0.035677 0.061574
3 0.330339 0.619213 0.037240 0.064352
2 0.535547 0.596528 0.034115 0.061574
1 0.294922 0.456250 0.029427 0.048611
1 0.481641 0.404398 0.029427 0.051389
1 0.570964 0.588657 0.028906 0.048611
0 0.565365 0.636806 0.028125 0.046759
0 0.592318 0.648611 0.027344 0.048148
0 0.331641 0.448380 0.027344 0.045833
3 0.618099 0.800694 0.038802 0.068056
2 0.520182 0.650231 0.035156 0.060648
1 0.438411 0.567361 0.029948 0.050463
1 0.646224 0.650694 0.030469 0.053241
0 0.670182 0.480787 0.026823 0.045833
0 0.470703 0.205787 0.026823 0.043981
3 0.631380 0.368750 0.037760 0.062500
3 0.667839 0.367361 0.037240 0.062500
3 0.697526 0.406713 0.037760 0.063426
2 0.471484 0.158102 0.033594 0.054167
1 0.492057 0.082639 0.028906 0.045833
1 0.505859 0.176620 0.028906 0.046759
1 0.766016 0.599769 0.029427 0.053241
2 0.589193 0.290046 0.034115 0.057870
2 0.720443 0.488657 0.034115 0.058796
2 0.572526 0.223843 0.034115 0.055093
2 0.695443 0.537731 0.034635 0.060648
3 0.682422 0.253241 0.036198 0.061111
2 0.693099 0.157176 0.033594 0.054167
1 0.779818 0.310880 0.028385 0.049537
