1 0.219922 0.600231 0.030469 0.052315
2 0.516797 0.634028 0.036198 0.060648
1 0.304036 0.845602 0.029427 0.053241
2 0.291016 0.703009 0.034115 0.059722
2 0.284245 0.464583 0.034115 0.057870
0 0.329557 0.712269 0.027344 0.046759
1 0.357682 0.702083 0.030469 0.051389
2 0.468880 0.383102 0.034635 0.057870
3 0.322005 0.543287 0.036719 0.064352
2 0.483724 0.436343 0.034635 0.058796
2 0.451172 0.592361 0.034635 0.061574
3 0.560286 0.727546 0.039323 0.066204
0 0.380339 0.625694 0.027344 0.047685
1 0.566536 0.526157 0.030469 0.051389
1 0.483984 0.562269 0.030990 0.052315
2 0.438411 0.355324 0.034635 0.056944
3 0.571484 0.267361 0.036198 0.062500
3 0.443750 0.263194 0.037500 0.061574
3 0.717578 0.699769 0.038281 0.066204
1 0.698568 0.626157 0.029948 0.053241
3 0.733984 0.576620 0.036719 0.066204
0 0.670964 0.604861 0.027865 0.047685
0 0.559766 0.355787 0.027344 0.045833
0 0.756641 0.540046 0.027344 0.046759
0 0.668880 0.511806 0.026823 0.046759
2 0.694661 0.469676 0.034115 0.060648
2 0.488932 0.166898 0.034115 0.054167
2 0.602734 0.238194 0.033594 0.056944
1 0.597005 0.313194 0.027865 0.049537
1 0.662370 0.447917 0.029948 0.052315
1 0.542578 0.243287 0.028906 0.047685
2 0.569661 0.202083 0.034115 0.054167
0 0.506641 0.321991 0.027344 0.044907
2 0.780078 0.467361 0.033594 0.059722
