0 0.265755 0.753472 0.028385 0.049537
3 0.293620 0.579398 0.036719 0.064352
1 0.273307 0.534954 0.028385 0.048611
3 0.436849 0.547454 0.038281 0.064352
1 0.605078 0.651157 0.029948 0.053241
3 0.419922 0.694676 0.038281 0.065278
0 0.339193 0.449769 0.026823 0.045833
0 0.477995 0.779398 0.027865 0.048611
2 0.541797 0.399306 0.034635 0.058796
2 0.623568 0.518287 0.035156 0.059722
0 0.626953 0.619676 0.027865 0.048611
2 0.506641 0.572917 0.035677 0.061574
1 0.445964 0.339583 0.029948 0.049537
0 0.379818 0.330324 0.027344 0.045833
0 0.501953 0.231250 0.026823 0.044907
2 0.476953 0.196991 0.034115 0.055093
3 0.477214 0.354398 0.037240 0.062500
2 0.651432 0.553935 0.034115 0.059722
0 0.408984 0.158796 0.026302 0.043519
2 0.534245 0.220602 0.034115 0.055093
1 0.659766 0.327083 0.029948 0.048611
2 0.616016 0.091435 0.032552 0.053241
2 0.594661 0.040972 0.033594 0.052315
1 0.529818 0.102546 0.028906 0.044907
1 0.638411 0.246991 0.029427 0.048611
3 0.655078 0.115972 0.035677 0.058796
1 0.567839 0.133565 0.028385 0.045833
1 0.777734 0.381713 0.028906 0.050463
3 0.722266 0.156019 0.036198 0.060185
