0 0.336328 0.684954 0.027344 0.047685
2 0.529036 0.833102 0.036719 0.063426
3 0.342578 0.576389 0.037760 0.064815
0 0.298828 0.482176 0.026823 0.045833
2 0.266276 0.446528 0.032552 0.057870
3 0.621484 0.682176 0.038281 0.066204
0 0.335547 0.458565 0.026823 0.046759
2 0.409766 0.559954 0.034635 0.060648
0 0.562109 0.518750 0.027344 0.046759
1 0.306901 0.527546 0.029948 0.049537
3 0.616536 0.559028 0.038281 0.064352
2 0.580339 0.699769 0.035677 0.061574
0 0.617318 0.421296 0.026823 0.045370
2 0.386719 0.512731 0.035417 0.057870
1 0.525651 0.520139 0.029427 0.052315
1 0.389193 0.332176 0.029427 0.048611
1 0.486328 0.270139 0.028385 0.047685
0 0.631901 0.510417 0.027865 0.046759
2 0.554036 0.284028 0.034635 0.057870
1 0.576953 0.320139 0.028906 0.048611
2 0.486589 0.325231 0.034635 0.057870
2 0.534766 0.188194 0.034635 0.055093
3 0.615755 0.264583 0.037760 0.061574
3 0.694401 0.498843 0.037760 0.066204
3 0.659505 0.452546 0.037760 0.064352
1 0.673568 0.549306 0.029948 0.052315
1 0.636198 0.108565 0.028125 0.045833
0 0.684245 0.595139 0.027344 0.046759
1 0.739714 0.269213 0.028906 0.048611
1 0.664323 0.137731 0.028646 0.045833
