2 0.455859 0.875231 0.035677 0.061574
2 0.535547 0.609491 0.035156 0.060648
3 0.497266 0.774769 0.038802 0.066204
3 0.486849 0.604861 0.038802 0.066204
0 0.599870 0.749306 0.027865 0.048611
3 0.426172 0.599769 0.038281 0.066204
0 0.432682 0.524769 0.027344 0.046759
0 0.396484 0.531250 0.028385 0.046759
0 0.351953 0.429861 0.026302 0.045833
2 0.392057 0.634954 0.035677 0.061574
0 0.538672 0.540046 0.027344 0.047685
1 0.619922 0.796528 0.029948 0.053241
0 0.391797 0.480787 0.027344 0.045833
1 0.375651 0.585417 0.029427 0.053241
2 0.520182 0.475231 0.034635 0.059722
1 0.566797 0.723843 0.030469 0.053241
2 0.615234 0.634028 0.035677 0.061574
2 0.559505 0.474769 0.035156 0.059722
1 0.480339 0.533565 0.028385 0.051389
2 0.628255 0.727083 0.034115 0.063426
1 0.484766 0.472454 0.029948 0.051389
1 0.578776 0.251157 0.028906 0.047685
1 0.673568 0.695139 0.029948 0.054167
2 0.608724 0.360417 0.035156 0.058796
3 0.769401 0.631250 0.038281 0.066204
1 0.556901 0.124769 0.028906 0.046759
1 0.558724 0.293287 0.028906 0.047685
0 0.712370 0.201620 0.027344 0.044907
0 0.649870 0.289583 0.026823 0.045833
