3 0.316276 0.745139 0.037240 0.065278
2 0.463151 0.466898 0.034635 0.058796
3 0.331120 0.510417 0.037760 0.063426
0 0.520443 0.494676 0.027865 0.046759
2 0.294401 0.540509 0.035156 0.058796
0 0.394922 0.633565 0.027865 0.047685
2 0.392578 0.720139 0.035156 0.061574
0 0.548828 0.512731 0.026823 0.046759
0 0.470443 0.632639 0.027865 0.048611
3 0.545964 0.668750 0.038281 0.066204
2 0.410286 0.511806 0.035156 0.058796
2 0.614974 0.701157 0.035677 0.062500
2 0.489453 0.736806 0.035677 0.062500
2 0.590755 0.597917 0.035156 0.061574
2 0.558464 0.444213 0.035156 0.058796
2 0.584375 0.482639 0.034375 0.059722
0 0.439453 0.649306 0.027865 0.047685
2 0.472786 0.369213 0.034635 0.059722
0 0.410286 0.321528 0.026302 0.043981
2 0.614844 0.391435 0.034375 0.058796
2 0.496224 0.554398 0.035677 0.060648
0 0.640755 0.467824 0.027344 0.046759
1 0.434766 0.352083 0.029948 0.049537
2 0.665234 0.218287 0.032552 0.055093
0 0.436849 0.289583 0.026823 0.044907
0 0.576432 0.346065 0.026823 0.045833
2 0.548568 0.317361 0.034115 0.058796
0 0.463932 0.246528 0.027344 0.044907
3 0.525911 0.362269 0.036719 0.064352
1 0.514193 0.256250 0.029427 0.049537
0 0.581380 0.278472 0.027344 0.045833
0 0.666536 0.400231 0.027344 0.046759
2 0.698047 0.239583 0.034115 0.056019
0 0.687370 0.284028 0.026823 0.044907
1 0.690104 0.438657 0.028646 0.048611
2 0.668099 0.558102 0.034115 0.061574
1 0.648828 0.259491 0.028906 0.049537
2 0.613932 0.225694 0.033594 0.055093
1 0.611849 0.166204 0.028906 0.047222
1 0.709375 0.509028 0.029167 0.051389
0 0.717839 0.285880 0.026302 0.044907
0 0.731901 0.248380 0.027344 0.044907
