1 0.256641 0.825694 0.028906 0.051389
3 0.253516 0.700694 0.036719 0.064352
2 0.250651 0.580324 0.033594 0.058796
0 0.362891 0.733102 0.027344 0.048611
3 0.309245 0.448843 0.036198 0.061574
2 0.468359 0.618750 0.035156 0.060648
2 0.326953 0.544676 0.034115 0.058796
2 0.422786 0.821991 0.035156 0.062500
1 0.359505 0.574769 0.029427 0.050463
0 0.389193 0.703472 0.027865 0.048611
3 0.572005 0.529398 0.038281 0.065278
1 0.497526 0.587269 0.030990 0.053241
0 0.503516 0.507176 0.027865 0.047685
0 0.381901 0.311806 0.027344 0.045833
2 0.669141 0.871528 0.035677 0.063426
1 0.521484 0.548611 0.029948 0.052778
2 0.475911 0.543287 0.035156 0.061574
1 0.714714 0.899306 0.030469 0.054167
0 0.647266 0.742824 0.027865 0.048611
1 0.635286 0.828935 0.029427 0.053241
2 0.532682 0.281713 0.034115 0.057870
3 0.432943 0.306713 0.036719 0.061574
0 0.512630 0.237269 0.026823 0.043981
2 0.505339 0.318750 0.035156 0.056019
0 0.482422 0.275231 0.026823 0.045833
1 0.709245 0.361806 0.028906 0.050463
1 0.825130 0.432176 0.029427 0.051389
1 0.739453 0.456250 0.029427 0.052315
0 0.767969 0.458102 0.027083 0.046759
