2 0.239453 0.934028 0.035677 0.067130
0 0.211328 0.769676 0.025260 0.045833
2 0.350651 0.826620 0.034635 0.060648
0 0.308203 0.893287 0.025781 0.046759
0 0.412109 0.869676 0.027865 0.047685
0 0.291276 0.741435 0.027344 0.046759
1 0.466536 0.851620 0.029948 0.053241
1 0.255859 0.600694 0.028906 0.048611
2 0.521484 0.877083 0.035677 0.059722
2 0.507422 0.427083 0.035156 0.058796
2 0.556901 0.699306 0.036198 0.062500
0 0.373828 0.710880 0.027344 0.047685
1 0.439714 0.776157 0.029948 0.051389
3 0.361068 0.600231 0.038281 0.064352
2 0.516016 0.751620 0.035677 0.061574
0 0.408984 0.675694 0.027865 0.047685
0 0.538411 0.565046 0.028385 0.047685
2 0.491016 0.651620 0.036198 0.060648
0 0.619401 0.729398 0.027865 0.048611
2 0.595182 0.548843 0.035156 0.059722
2 0.419922 0.483565 0.035156 0.059722
2 0.627995 0.811806 0.035156 0.063426
2 0.664714 0.664352 0.034635 0.062037
2 0.716536 0.618750 0.035156 0.061574
3 0.658724 0.332176 0.036719 0.063426
1 0.523047 0.273843 0.029427 0.048611
0 0.663411 0.475231 0.027865 0.046759
2 0.780339 0.265046 0.033594 0.056944
0 0.629297 0.311806 0.027344 0.045833
1 0.723828 0.250694 0.029948 0.048611
