0 0.294661 0.709954 0.026302 0.048611
3 0.323568 0.509491 0.037760 0.062500
1 0.321745 0.693750 0.029427 0.052315
3 0.332161 0.425694 0.037240 0.063426
2 0.554948 0.492361 0.034896 0.060648
1 0.516276 0.672454 0.029427 0.053241
0 0.286589 0.394676 0.026302 0.044907
1 0.501693 0.519213 0.029948 0.052315
0 0.437109 0.554398 0.027344 0.045833
0 0.495703 0.706250 0.028385 0.049537
1 0.437891 0.649306 0.030990 0.051389
2 0.516797 0.396065 0.034635 0.059722
1 0.586328 0.515972 0.029427 0.051389
0 0.601693 0.458565 0.027865 0.046759
1 0.578776 0.413194 0.028906 0.050463
1 0.500651 0.465972 0.029948 0.051389
3 0.477474 0.286343 0.037760 0.061574
0 0.701823 0.399306 0.026562 0.045833
1 0.679036 0.649769 0.029427 0.053241
0 0.572526 0.338657 0.027344 0.045833
2 0.645964 0.404861 0.034115 0.058796
0 0.531120 0.348843 0.027344 0.045833
3 0.639714 0.328935 0.037240 0.062500
2 0.607682 0.303009 0.034115 0.056944
2 0.616016 0.245139 0.033594 0.055093
2 0.669141 0.364583 0.034635 0.057870
1 0.682422 0.313657 0.028385 0.048611
2 0.578776 0.115509 0.033594 0.053241
2 0.724089 0.236343 0.033073 0.055093
