0 0.222266 0.707176 0.026823 0.046759
0 0.276693 0.545602 0.025781 0.045833
1 0.549870 0.682176 0.030469 0.053241
1 0.458464 0.468287 0.029948 0.051389
1 0.575130 0.655787 0.028906 0.052315
0 0.280339 0.465046 0.025781 0.045833
2 0.427474 0.589120 0.035677 0.060648
3 0.431901 0.526620 0.038802 0.064352
0 0.557943 0.444213 0.027344 0.048611
1 0.539714 0.731713 0.029948 0.053241
2 0.613672 0.578935 0.034635 0.060648
3 0.469661 0.397917 0.037240 0.062500
2 0.475391 0.607870 0.034635 0.061111
1 0.434505 0.386806 0.029427 0.050463
2 0.585026 0.495602 0.035156 0.060648
0 0.531901 0.421991 0.027344 0.045833
0 0.674870 0.494213 0.027344 0.047685
2 0.633854 0.186343 0.033854 0.054167
3 0.633984 0.463657 0.037240 0.064352
2 0.629818 0.524769 0.034115 0.059722
3 0.694271 0.547917 0.038021 0.065278
2 0.684245 0.404398 0.034115 0.059722
1 0.560807 0.255787 0.028906 0.048611
1 0.486849 0.350694 0.029427 0.048611
1 0.581641 0.289120 0.028906 0.048611
1 0.630339 0.359954 0.029948 0.050463
0 0.572786 0.348843 0.026823 0.045833
2 0.720182 0.399769 0.034115 0.058796
0 0.741797 0.362269 0.026823 0.046759
