0 0.410807 0.708102 0.027865 0.048611
0 0.277995 0.383102 0.025781 0.046759
0 0.379557 0.694676 0.028385 0.048611
1 0.293880 0.553472 0.029427 0.051389
0 0.406380 0.756250 0.027344 0.048611
3 0.544401 0.603009 0.038802 0.065278
0 0.322786 0.496065 0.027344 0.046759
2 0.386328 0.389583 0.034635 0.056944
3 0.525651 0.523380 0.037760 0.065278
0 0.454036 0.560880 0.027344 0.046759
1 0.546875 0.779861 0.030208 0.052315
2 0.643880 0.655324 0.035156 0.061574
1 0.483984 0.264583 0.028906 0.046759
3 0.603255 0.362731 0.037240 0.063426
1 0.476693 0.356713 0.029427 0.049537
1 0.651432 0.287731 0.029427 0.048611
0 0.462109 0.200231 0.026302 0.043056
0 0.536068 0.199769 0.026823 0.043981
2 0.705599 0.550231 0.034115 0.060648
3 0.590755 0.162269 0.037240 0.058796
1 0.619661 0.312269 0.029948 0.048611
2 0.671745 0.155324 0.033594 0.054167
1 0.580339 0.079861 0.028385 0.044907
2 0.638021 0.195602 0.033854 0.055093
1 0.764974 0.377546 0.028385 0.050463
2 0.669922 0.353935 0.033594 0.056944
2 0.738411 0.351157 0.033073 0.057870
1 0.693880 0.304861 0.029427 0.050463
