3 0.565755 0.853472 0.039323 0.068056
0 0.474870 0.489120 0.027344 0.047685
2 0.521745 0.782639 0.035156 0.063426
2 0.574740 0.759954 0.034896 0.061574
3 0.402214 0.633102 0.039323 0.064352
0 0.451432 0.875694 0.027344 0.048611
2 0.347786 0.727546 0.034635 0.059722
2 0.583203 0.587731 0.034635 0.059722
0 0.412891 0.466435 0.027865 0.046759
0 0.363151 0.502546 0.027865 0.045833
2 0.349089 0.626620 0.034635 0.058796
2 0.530078 0.682176 0.035677 0.061574
2 0.427474 0.762731 0.035677 0.061574
3 0.477995 0.695602 0.039323 0.066204
2 0.450911 0.584491 0.035677 0.061574
2 0.583203 0.657176 0.035156 0.060648
0 0.576172 0.511806 0.027344 0.046759
1 0.538411 0.441898 0.029427 0.051389
0 0.626432 0.643287 0.027344 0.048611
2 0.642578 0.740046 0.035156 0.061574
2 0.634505 0.527083 0.034635 0.061574
1 0.631380 0.349306 0.028906 0.049537
2 0.516276 0.558102 0.035156 0.060648
1 0.500651 0.390509 0.029427 0.049537
2 0.637370 0.415972 0.034115 0.058796
0 0.686589 0.397917 0.027344 0.046759
