0 0.479818 0.845602 0.028906 0.048611
0 0.381641 0.705787 0.027344 0.047685
3 0.575130 0.471065 0.037760 0.064352
2 0.345182 0.383565 0.034115 0.056944
1 0.566016 0.530324 0.030469 0.052315
0 0.432422 0.528935 0.028385 0.047685
2 0.523568 0.396065 0.035156 0.058796
1 0.405078 0.524769 0.029427 0.051389
2 0.517057 0.747917 0.035677 0.061574
1 0.607682 0.455787 0.028906 0.052315
2 0.353776 0.443287 0.034635 0.058796
2 0.602734 0.518750 0.034115 0.060648
1 0.389453 0.293750 0.029427 0.048611
1 0.602734 0.395139 0.028385 0.051389
0 0.400651 0.221065 0.026823 0.044907
0 0.656380 0.662731 0.027865 0.049537
1 0.657682 0.579861 0.030990 0.052315
0 0.641016 0.618750 0.027865 0.047685
0 0.462109 0.267824 0.026823 0.045833
0 0.566797 0.259954 0.027344 0.044907
2 0.480859 0.338657 0.035156 0.057870
2 0.486849 0.182176 0.034115 0.054167
1 0.532943 0.223380 0.028906 0.049537
3 0.701693 0.455324 0.037760 0.064352
3 0.678776 0.240972 0.036719 0.061574
1 0.721224 0.250231 0.029948 0.047685
1 0.625651 0.230324 0.028906 0.047685
3 0.705599 0.178935 0.036198 0.060648
