2 0.254818 0.584491 0.033073 0.061574
2 0.524870 0.414583 0.034115 0.057870
2 0.553646 0.636806 0.035937 0.060648
2 0.604818 0.799769 0.035677 0.062500
2 0.507682 0.840972 0.034115 0.063426
2 0.401432 0.616898 0.035677 0.060648
2 0.698307 0.752083 0.035156 0.063426
2 0.677474 0.565509 0.035156 0.059722
2 0.512891 0.176157 0.033073 0.054167
2 0.651823 0.157176 0.033333 0.054167
2 0.669922 0.375231 0.034115 0.058796
0 0.785807 0.165278 0.026302 0.042593
1 0.747005 0.196991 0.028385 0.047685
0 0.780339 0.228009 0.026302 0.042130
0 0.811328 0.159491 0.025260 0.044907
2 0.815495 0.244676 0.035156 0.058796
2 0.763151 0.130324 0.033594 0.058796
1 0.726432 0.084491 0.028385 0.045833
0 0.786849 0.044213 0.027344 0.043981
0 0.735547 0.143519 0.025260 0.042593
0 0.759245 0.081250 0.027344 0.043981
0 0.794922 0.086574 0.027344 0.044444
