0 0.526693 0.492361 0.026302 0.048611
2 0.510807 0.559491 0.034635 0.060648
0 0.471224 0.505324 0.026823 0.046759
1 0.408464 0.629861 0.030469 0.050463
1 0.507943 0.733102 0.029427 0.054167
0 0.555859 0.434028 0.026823 0.046759
1 0.420182 0.710880 0.030469 0.053241
2 0.568099 0.600694 0.035156 0.059722
0 0.523307 0.441898 0.026302 0.047685
2 0.414193 0.518287 0.034115 0.059722
1 0.554557 0.485880 0.029427 0.050463
3 0.596745 0.548380 0.037760 0.065278
3 0.418880 0.440972 0.037240 0.063426
1 0.369141 0.546528 0.029948 0.050463
1 0.450911 0.678935 0.029948 0.052315
1 0.373307 0.657639 0.029427 0.049537
3 0.474870 0.721528 0.038281 0.066204
2 0.448307 0.406713 0.035156 0.058796
2 0.476953 0.374769 0.034635 0.057870
2 0.547526 0.552083 0.034635 0.061574
3 0.549089 0.653472 0.038281 0.066204
0 0.454297 0.569213 0.026823 0.048611
