0 0.217578 0.703935 0.027344 0.051389
3 0.266797 0.607639 0.035677 0.063426
1 0.298568 0.529861 0.029427 0.050463
3 0.324089 0.452546 0.037240 0.063426
2 0.321484 0.603935 0.034635 0.059722
0 0.348828 0.505324 0.027344 0.045833
1 0.417839 0.472454 0.029948 0.051389
0 0.557161 0.486806 0.027865 0.046759
0 0.406380 0.715046 0.027865 0.047685
0 0.413151 0.389583 0.027344 0.045833
1 0.598047 0.564120 0.030469 0.051389
2 0.458203 0.396991 0.035156 0.058796
3 0.444141 0.319213 0.037240 0.062500
2 0.654818 0.510880 0.034635 0.059722
3 0.495182 0.284028 0.038281 0.061574
2 0.613151 0.351157 0.034635 0.057870
0 0.696484 0.434028 0.026823 0.045833
1 0.681901 0.393287 0.028385 0.049537
2 0.650391 0.382407 0.033073 0.058333
1 0.666276 0.207176 0.028906 0.047685
2 0.641276 0.270139 0.033073 0.056944
1 0.667057 0.442361 0.029427 0.050463
0 0.688411 0.477083 0.026823 0.045833
2 0.657943 0.320139 0.033073 0.057870
1 0.723568 0.415046 0.028906 0.050463
0 0.614974 0.246991 0.026823 0.043981
2 0.694661 0.339120 0.034115 0.057870
0 0.727474 0.463657 0.026823 0.046759
1 0.694141 0.053935 0.028906 0.044907
