2 0.308203 0.721065 0.035156 0.059722
3 0.267057 0.681713 0.036198 0.065278
3 0.393880 0.746528 0.038281 0.066204
0 0.329557 0.762731 0.026823 0.047685
2 0.264974 0.617824 0.034115 0.058796
1 0.253776 0.492361 0.028906 0.047685
2 0.409245 0.503009 0.034635 0.058796
2 0.524870 0.746991 0.035156 0.061574
1 0.456120 0.708565 0.030469 0.054167
2 0.448047 0.561806 0.034635 0.058796
0 0.454557 0.653472 0.027865 0.047685
0 0.520703 0.435417 0.027344 0.045833
1 0.416536 0.664583 0.030469 0.053241
1 0.523568 0.638194 0.030469 0.053241
1 0.621224 0.405324 0.028906 0.050463
1 0.431641 0.398380 0.029948 0.050463
2 0.585807 0.609491 0.035156 0.061574
1 0.612760 0.510417 0.030729 0.051389
0 0.549870 0.387269 0.027344 0.045833
2 0.546745 0.514120 0.035156 0.059722
3 0.578516 0.478009 0.037760 0.065278
3 0.658464 0.521528 0.037760 0.065278
0 0.483203 0.551620 0.028385 0.047685
2 0.678516 0.363657 0.034115 0.057870
3 0.744922 0.723843 0.038802 0.067130
0 0.648307 0.377546 0.026823 0.045833
3 0.696745 0.621528 0.037760 0.065278
0 0.679297 0.566898 0.027865 0.049537
1 0.635026 0.474769 0.029427 0.051389
2 0.615234 0.098843 0.033594 0.054167
2 0.505859 0.237731 0.034635 0.056019
1 0.559245 0.254861 0.028385 0.047685
2 0.532161 0.103935 0.033594 0.053241
2 0.771224 0.301620 0.033594 0.056944
