2 0.270182 0.632639 0.034115 0.059722
3 0.463672 0.426157 0.037760 0.063426
0 0.379297 0.842824 0.028385 0.047685
3 0.260547 0.536343 0.035677 0.063426
2 0.301172 0.562731 0.034115 0.057870
2 0.361328 0.753935 0.035156 0.060648
3 0.550130 0.635417 0.038802 0.065278
3 0.378255 0.572917 0.038281 0.065278
2 0.555599 0.568287 0.034635 0.061574
0 0.406901 0.366898 0.027344 0.045833
0 0.375130 0.517824 0.027344 0.046759
2 0.603255 0.599306 0.034635 0.061574
1 0.596745 0.393750 0.030469 0.051389
2 0.620964 0.546528 0.034115 0.060648
3 0.682161 0.705324 0.038802 0.067130
1 0.488151 0.735417 0.030990 0.053241
2 0.427214 0.509954 0.035156 0.059722
1 0.591797 0.743287 0.029948 0.054167
2 0.455469 0.725231 0.035937 0.061574
2 0.502995 0.395602 0.035156 0.058796
0 0.655339 0.782639 0.027344 0.049537
2 0.607943 0.488657 0.035156 0.060648
0 0.572005 0.473380 0.027865 0.046759
1 0.481380 0.250694 0.028906 0.048611
0 0.652995 0.650694 0.027344 0.049537
1 0.404818 0.217361 0.028906 0.046759
2 0.673047 0.600694 0.034635 0.061574
0 0.429818 0.240972 0.026823 0.042130
1 0.642318 0.353472 0.029948 0.051389
1 0.691797 0.316435 0.029427 0.050463
1 0.593880 0.259028 0.028906 0.049537
2 0.584505 0.110880 0.033073 0.053241
1 0.586589 0.197917 0.028906 0.047685
3 0.526953 0.134028 0.036198 0.058796
