2 0.298047 0.888194 0.035677 0.065278
1 0.398568 0.915972 0.029427 0.055093
1 0.268620 0.627546 0.028906 0.050463
1 0.465755 0.912269 0.032031 0.053241
0 0.467318 0.861806 0.027865 0.047685
2 0.289193 0.534954 0.034115 0.058796
0 0.318880 0.540972 0.027344 0.045833
0 0.387891 0.636343 0.028385 0.046759
1 0.367578 0.486343 0.029948 0.050463
3 0.537630 0.719676 0.037760 0.068056
2 0.569141 0.869676 0.035677 0.065278
3 0.538151 0.790509 0.038281 0.068056
2 0.543620 0.429398 0.035156 0.058796
1 0.421745 0.378935 0.028906 0.049537
1 0.582422 0.666898 0.030990 0.054167
1 0.378516 0.394676 0.029427 0.049537
1 0.448307 0.593287 0.029948 0.052315
2 0.608464 0.621065 0.035677 0.062500
0 0.416536 0.583565 0.027344 0.047685
1 0.742839 0.878009 0.028906 0.053241
2 0.638411 0.813194 0.035156 0.063426
2 0.484245 0.342361 0.035156 0.057870
2 0.632161 0.572917 0.035156 0.062500
3 0.601953 0.231713 0.036198 0.060648
2 0.725911 0.533102 0.033594 0.060648
0 0.505078 0.215972 0.027344 0.043981
3 0.546745 0.125231 0.036719 0.058796
2 0.487891 0.096991 0.033594 0.053241
2 0.551432 0.339120 0.034635 0.056944
2 0.724870 0.404398 0.033594 0.058796
0 0.837109 0.428935 0.026823 0.046759
3 0.759766 0.301620 0.036198 0.062500
