3 0.486589 0.421528 0.036719 0.065278
1 0.624089 0.657639 0.028906 0.052315
0 0.494401 0.861343 0.027865 0.049537
3 0.528776 0.730787 0.039323 0.066204
3 0.621484 0.716435 0.038802 0.066204
0 0.560026 0.702083 0.027865 0.047685
3 0.448568 0.414583 0.038281 0.062500
0 0.604297 0.616898 0.027865 0.048611
1 0.692057 0.848380 0.031510 0.055093
2 0.401432 0.528935 0.034635 0.058796
0 0.523568 0.650231 0.028385 0.048611
1 0.567839 0.389583 0.029427 0.049537
1 0.492318 0.534028 0.029427 0.051389
1 0.621615 0.415509 0.029687 0.051389
0 0.570182 0.589583 0.027344 0.048611
0 0.661589 0.704398 0.028906 0.047685
2 0.709505 0.746991 0.034635 0.062500
1 0.721484 0.646991 0.029427 0.051389
1 0.573307 0.332639 0.029427 0.050463
1 0.523047 0.390972 0.029948 0.049537
2 0.654818 0.598380 0.034635 0.062500
0 0.680339 0.657176 0.027344 0.048611
2 0.688932 0.589583 0.033073 0.061574
2 0.730599 0.584028 0.034635 0.060648
0 0.681901 0.334028 0.027344 0.045833
2 0.655339 0.513657 0.034635 0.060648
1 0.686068 0.530787 0.029427 0.052315
2 0.548568 0.294676 0.034115 0.056019
2 0.739193 0.436806 0.034115 0.058796
