0 0.289323 0.718287 0.026562 0.046759
0 0.247266 0.706713 0.026302 0.046759
1 0.280599 0.598843 0.028906 0.048611
3 0.522786 0.618287 0.038281 0.066204
0 0.281901 0.380324 0.025781 0.045833
0 0.294141 0.547454 0.027344 0.046759
3 0.554297 0.674306 0.037760 0.066204
0 0.516016 0.675231 0.027865 0.047685
2 0.575130 0.623380 0.036198 0.060648
1 0.442057 0.388657 0.029427 0.048611
3 0.320312 0.583102 0.036458 0.063426
2 0.481901 0.479398 0.034635 0.058796
2 0.590234 0.554398 0.034635 0.060648
1 0.328255 0.422454 0.029427 0.049537
3 0.481641 0.540509 0.037760 0.065278
1 0.547266 0.779398 0.030469 0.053241
2 0.527474 0.369676 0.034635 0.056944
1 0.585547 0.418287 0.029948 0.049537
2 0.525911 0.543750 0.034115 0.059722
1 0.558464 0.404398 0.029427 0.051389
2 0.439453 0.312269 0.034635 0.057870
0 0.486849 0.075231 0.026302 0.041204
1 0.605078 0.313657 0.029427 0.048611
0 0.532422 0.156250 0.026302 0.043056
1 0.663151 0.233565 0.028385 0.048611
2 0.454557 0.128009 0.033594 0.053241
1 0.518099 0.081713 0.027865 0.046759
0 0.512891 0.035880 0.025260 0.042130
