0 0.297526 0.707407 0.025781 0.047222
3 0.375391 0.753935 0.037240 0.067130
1 0.312630 0.579861 0.028906 0.049537
2 0.359245 0.629398 0.035156 0.058796
2 0.398568 0.484491 0.034635 0.057870
0 0.468620 0.709491 0.027865 0.049537
2 0.347786 0.488194 0.034635 0.057870
2 0.512630 0.525694 0.035156 0.058796
2 0.408203 0.590509 0.035156 0.060648
1 0.464714 0.606713 0.029948 0.052315
0 0.520443 0.729398 0.027865 0.048611
0 0.477734 0.519213 0.027344 0.046759
0 0.551953 0.469213 0.027344 0.046759
2 0.584766 0.464120 0.034115 0.059722
2 0.574870 0.576620 0.034635 0.060648
2 0.445182 0.440046 0.034635 0.058796
2 0.518880 0.380787 0.034635 0.057870
0 0.652995 0.698843 0.027865 0.049537
1 0.582682 0.353009 0.029948 0.050463
3 0.616016 0.350231 0.038281 0.062500
3 0.670703 0.462731 0.036719 0.064352
2 0.461328 0.334028 0.034635 0.056944
0 0.625130 0.450694 0.027344 0.045833
2 0.654036 0.244213 0.033594 0.055093
0 0.525911 0.244213 0.026823 0.045833
1 0.602214 0.225694 0.028385 0.048611
0 0.678255 0.389583 0.027344 0.046759
2 0.660286 0.559491 0.034115 0.060648
1 0.682161 0.315046 0.028385 0.049537
