3 0.411068 0.512731 0.037760 0.063426
3 0.540234 0.484491 0.037760 0.065278
2 0.383594 0.551620 0.034896 0.059722
0 0.522005 0.723380 0.028385 0.048611
3 0.434766 0.449306 0.037240 0.064352
0 0.354297 0.548843 0.026823 0.048611
2 0.395703 0.457639 0.035156 0.057870
1 0.549089 0.628472 0.030990 0.052315
0 0.500651 0.693750 0.027865 0.047685
0 0.374609 0.602546 0.026823 0.047685
1 0.434766 0.575694 0.030469 0.050463
3 0.605078 0.400694 0.037760 0.063426
1 0.441276 0.705324 0.029948 0.052315
1 0.587109 0.451157 0.029427 0.050463
1 0.476953 0.360417 0.029427 0.051389
3 0.447786 0.390046 0.037760 0.061574
2 0.565755 0.679398 0.034635 0.061574
1 0.443099 0.505324 0.030990 0.050463
2 0.615495 0.486343 0.034635 0.059722
1 0.634766 0.425231 0.028385 0.051389
2 0.662370 0.402083 0.032552 0.057870
1 0.583594 0.271528 0.028646 0.047685
2 0.693359 0.381713 0.033594 0.059722
3 0.661589 0.463657 0.036719 0.064352
1 0.551172 0.249306 0.029948 0.047685
0 0.635026 0.229398 0.027344 0.043981
2 0.686849 0.248843 0.033594 0.056944
0 0.691797 0.301620 0.026823 0.045833
0 0.584766 0.137731 0.026302 0.043056
2 0.632422 0.346065 0.034635 0.058796
