3 0.494922 0.439583 0.038281 0.065278
2 0.548047 0.467593 0.034635 0.059259
3 0.583724 0.511806 0.038281 0.064352
2 0.403776 0.530324 0.036198 0.060648
0 0.587370 0.583102 0.027865 0.047685
3 0.403516 0.455324 0.038281 0.063426
1 0.445703 0.502083 0.029948 0.050463
0 0.470703 0.478935 0.027344 0.047685
1 0.608984 0.453935 0.029948 0.050463
2 0.543620 0.599306 0.034635 0.060648
2 0.552474 0.391435 0.034635 0.058796
0 0.617318 0.521528 0.027344 0.047685
1 0.473568 0.733102 0.031510 0.053241
3 0.675521 0.584491 0.038542 0.065278
0 0.523828 0.499769 0.027344 0.047685
0 0.475651 0.387731 0.028906 0.045833
1 0.518620 0.378935 0.028906 0.049537
2 0.438151 0.321065 0.034115 0.056944
3 0.480859 0.541898 0.037760 0.066204
3 0.581380 0.357639 0.037760 0.063426
2 0.491797 0.251157 0.034635 0.056019
2 0.518880 0.150231 0.033594 0.055093
2 0.491797 0.337731 0.034115 0.057870
0 0.706380 0.606250 0.027344 0.048611
2 0.629818 0.611806 0.034635 0.061574
2 0.734245 0.586343 0.034115 0.061574
2 0.387891 0.239352 0.034635 0.058333
1 0.644401 0.557176 0.030469 0.051389
2 0.570703 0.183102 0.034115 0.055093
1 0.583203 0.231713 0.028385 0.047685
0 0.648047 0.500231 0.026823 0.046759
1 0.618880 0.353704 0.029427 0.050000
1 0.553255 0.257176 0.029427 0.048611
1 0.575130 0.065046 0.028385 0.044907
