2 0.410417 0.494213 0.035417 0.057870
1 0.595964 0.513657 0.029948 0.051389
1 0.438151 0.523380 0.029427 0.049537
2 0.493099 0.438194 0.033594 0.056944
0 0.353776 0.412731 0.026823 0.045833
1 0.401562 0.548380 0.029687 0.050463
3 0.427995 0.392824 0.037760 0.062500
1 0.596224 0.461343 0.029427 0.052315
0 0.376693 0.491898 0.027865 0.045833
0 0.623307 0.453935 0.026823 0.047685
1 0.604297 0.409028 0.029948 0.051389
1 0.500391 0.384028 0.029427 0.050463
3 0.710026 0.684954 0.038802 0.067130
0 0.524609 0.339583 0.027344 0.046759
1 0.627734 0.526157 0.029427 0.051389
3 0.506120 0.291435 0.037240 0.062500
2 0.727474 0.571296 0.034115 0.060185
3 0.755599 0.612269 0.037760 0.066204
1 0.738411 0.518750 0.029948 0.050463
0 0.437109 0.296991 0.026823 0.043981
0 0.581901 0.271991 0.026823 0.044907
2 0.695703 0.332176 0.034635 0.056944
0 0.626693 0.285880 0.026302 0.044907
2 0.621224 0.361343 0.034635 0.057870
1 0.660286 0.372454 0.029948 0.049537
2 0.691536 0.389120 0.033594 0.058796
0 0.703385 0.462731 0.026562 0.046759
2 0.698568 0.272917 0.033594 0.056019
2 0.665495 0.426620 0.035156 0.058796
