3 0.230339 0.626157 0.036198 0.064352
0 0.313672 0.776157 0.027344 0.047685
2 0.220443 0.465046 0.033594 0.057870
2 0.346224 0.679861 0.034115 0.058796
3 0.280859 0.592824 0.037240 0.063426
3 0.531380 0.753472 0.038281 0.066204
2 0.415495 0.491898 0.035156 0.059722
2 0.575521 0.688194 0.034896 0.062500
1 0.538672 0.566435 0.029948 0.052315
0 0.282161 0.451157 0.026823 0.046759
2 0.571484 0.595602 0.035677 0.061574
1 0.569922 0.540509 0.029427 0.051389
1 0.385286 0.561806 0.029427 0.051389
0 0.480599 0.636806 0.027344 0.049537
3 0.615495 0.559028 0.038802 0.066204
2 0.350391 0.483565 0.034635 0.057870
1 0.591536 0.484028 0.029948 0.052315
1 0.489714 0.684028 0.029948 0.052315
2 0.436068 0.539583 0.034635 0.059722
2 0.595833 0.397454 0.034896 0.058796
1 0.554036 0.496528 0.029948 0.051389
1 0.593359 0.640972 0.030990 0.050463
3 0.495443 0.359954 0.037760 0.063426
1 0.505859 0.258565 0.029948 0.047685
0 0.573828 0.358565 0.026823 0.046759
0 0.644661 0.605324 0.027865 0.047685
2 0.537630 0.254861 0.033594 0.056944
3 0.664974 0.393287 0.037760 0.064352
1 0.673828 0.283565 0.029427 0.047685
2 0.533464 0.200231 0.033594 0.055093
0 0.661328 0.334491 0.027344 0.045833
0 0.582682 0.217361 0.026823 0.043056
2 0.622266 0.211806 0.033594 0.056019
