1 0.366016 0.763194 0.029427 0.051389
1 0.223047 0.572454 0.028385 0.048611
0 0.207161 0.534028 0.026302 0.046759
3 0.305339 0.571991 0.037760 0.065278
0 0.257943 0.569676 0.026823 0.046759
2 0.306120 0.640046 0.035156 0.059722
2 0.441016 0.884954 0.035677 0.063426
2 0.343099 0.640509 0.035677 0.060648
2 0.577995 0.539120 0.034635 0.060648
2 0.458984 0.604398 0.034635 0.059722
1 0.425781 0.566898 0.029687 0.050463
2 0.386849 0.497917 0.034635 0.058796
0 0.464453 0.678009 0.027865 0.048611
1 0.620964 0.531713 0.030469 0.051389
0 0.521484 0.631250 0.028385 0.046759
0 0.516276 0.579398 0.027865 0.047685
1 0.463932 0.342824 0.029427 0.049537
1 0.678516 0.722917 0.029948 0.054167
3 0.648828 0.585880 0.038281 0.066204
3 0.609505 0.323380 0.037760 0.061574
2 0.557943 0.234491 0.033594 0.056019
3 0.701953 0.373380 0.035677 0.062500
2 0.574089 0.088657 0.033073 0.054167
2 0.665495 0.335880 0.033594 0.056944
2 0.704688 0.496528 0.034375 0.060648
1 0.597005 0.131250 0.028906 0.045833
2 0.612109 0.186343 0.033594 0.054167
3 0.671484 0.407176 0.037760 0.063426
0 0.515755 0.266435 0.027344 0.045833
1 0.694661 0.293056 0.029427 0.050000
0 0.705078 0.426620 0.026823 0.047685
2 0.675911 0.245602 0.034115 0.056019
3 0.749609 0.168750 0.036198 0.059722
1 0.560026 0.156250 0.028385 0.045833
