2 0.305599 0.710417 0.034635 0.060648
3 0.485156 0.759028 0.038542 0.068056
2 0.533464 0.822685 0.034635 0.062963
2 0.337370 0.494676 0.034115 0.058796
2 0.597266 0.559954 0.034635 0.060648
3 0.389974 0.414583 0.037760 0.063426
3 0.555859 0.555787 0.038281 0.065278
3 0.586328 0.624769 0.039323 0.067130
2 0.425130 0.753935 0.035156 0.061574
1 0.546484 0.454398 0.029948 0.051389
0 0.338672 0.590046 0.026823 0.045833
2 0.357943 0.639583 0.034635 0.059722
1 0.355729 0.545602 0.030208 0.051389
1 0.349219 0.438657 0.029167 0.048611
2 0.580339 0.369213 0.034115 0.058796
2 0.617839 0.690509 0.034635 0.062500
0 0.341797 0.392361 0.026302 0.043981
1 0.540755 0.504398 0.029427 0.051389
2 0.425130 0.428935 0.034635 0.057870
2 0.614844 0.385880 0.034375 0.057870
2 0.630599 0.586343 0.035677 0.060648
1 0.654297 0.637269 0.029427 0.053241
0 0.674870 0.514120 0.027865 0.046759
1 0.476432 0.321065 0.028906 0.048611
0 0.477734 0.231250 0.026302 0.043981
3 0.599870 0.261806 0.037240 0.061574
2 0.659766 0.463657 0.034115 0.060648
0 0.487370 0.278009 0.026302 0.045833
0 0.601693 0.316898 0.026823 0.045833
1 0.715234 0.484491 0.029948 0.051389
3 0.732422 0.428472 0.037240 0.064352
1 0.632943 0.308565 0.029427 0.048611
0 0.649870 0.352546 0.026302 0.045833
1 0.760026 0.393750 0.028906 0.051389
