2 0.547786 0.492824 0.035156 0.061574
3 0.308203 0.595602 0.037240 0.063426
2 0.517839 0.525926 0.034115 0.061111
2 0.437891 0.470139 0.035156 0.057870
0 0.482422 0.407176 0.027865 0.047685
2 0.350130 0.536806 0.035156 0.059722
0 0.343359 0.400694 0.026823 0.045833
1 0.371224 0.644213 0.029948 0.051389
0 0.389974 0.678472 0.027865 0.046759
0 0.455859 0.421528 0.027344 0.046759
2 0.580859 0.608102 0.035156 0.061574
1 0.498307 0.569213 0.029948 0.052315
3 0.446484 0.741435 0.038802 0.066204
3 0.549870 0.554398 0.037760 0.065278
1 0.485938 0.616898 0.030208 0.054167
0 0.416016 0.507870 0.027865 0.047222
1 0.522266 0.459491 0.029948 0.051389
0 0.625391 0.279398 0.027344 0.045833
3 0.675911 0.324769 0.037240 0.062500
2 0.595182 0.359028 0.034635 0.058796
2 0.541016 0.353009 0.034635 0.057870
1 0.638932 0.502546 0.029427 0.051389
0 0.690885 0.445602 0.026562 0.046759
1 0.664844 0.532176 0.029167 0.052315
1 0.700391 0.259722 0.027865 0.049074
0 0.645964 0.198380 0.026823 0.043981
1 0.674870 0.237731 0.028906 0.046759
1 0.756901 0.206250 0.027865 0.048611
