1 0.315234 0.736343 0.029427 0.051389
2 0.361589 0.561806 0.034635 0.059722
3 0.447526 0.492361 0.038281 0.064352
0 0.305859 0.387731 0.026302 0.045833
0 0.594922 0.549306 0.026823 0.046759
2 0.462109 0.621065 0.035677 0.060648
1 0.394922 0.432639 0.029948 0.049537
2 0.620443 0.467824 0.034635 0.060648
1 0.554557 0.510417 0.029427 0.050463
0 0.374349 0.639583 0.026823 0.048611
0 0.465495 0.694213 0.027344 0.049537
1 0.609245 0.403472 0.029427 0.051389
2 0.589714 0.496065 0.034635 0.058796
1 0.497005 0.494213 0.029948 0.051389
1 0.408724 0.570602 0.030469 0.052315
3 0.485547 0.355324 0.036198 0.061574
0 0.453255 0.351620 0.027344 0.045833
2 0.661328 0.509491 0.034635 0.059722
2 0.510547 0.296991 0.034115 0.057870
1 0.478776 0.301157 0.027865 0.047685
3 0.691146 0.585417 0.037500 0.065278
2 0.652995 0.447917 0.033594 0.059722
2 0.683203 0.409954 0.034635 0.058796
1 0.530599 0.246065 0.029948 0.047685
0 0.585026 0.213657 0.026823 0.044907
0 0.560807 0.236343 0.026823 0.044907
0 0.563672 0.305787 0.026823 0.044907
3 0.622266 0.239120 0.036719 0.062500
1 0.692187 0.294676 0.029167 0.048611
