2 0.288151 0.561806 0.034115 0.057870
3 0.529036 0.668750 0.038281 0.065278
2 0.371745 0.720139 0.033594 0.061574
1 0.318099 0.416898 0.028906 0.049537
0 0.321484 0.671991 0.026302 0.048611
2 0.347786 0.424769 0.034115 0.058796
0 0.321224 0.495602 0.026823 0.046759
0 0.322005 0.540972 0.026302 0.046759
2 0.457682 0.707176 0.035156 0.060648
0 0.401693 0.377546 0.026302 0.046759
1 0.378776 0.424769 0.029427 0.049537
1 0.523047 0.421991 0.029948 0.051389
2 0.360547 0.515046 0.034115 0.058796
0 0.482943 0.676157 0.028385 0.047685
0 0.481901 0.406713 0.027865 0.046759
2 0.548568 0.455787 0.035156 0.058796
3 0.707682 0.646065 0.036719 0.066204
0 0.461849 0.301620 0.026823 0.044907
2 0.672266 0.633102 0.035677 0.061574
1 0.614453 0.365972 0.029948 0.048611
0 0.456641 0.228472 0.026823 0.043056
3 0.600911 0.210880 0.036719 0.060648
1 0.716536 0.555324 0.029427 0.053241
1 0.689714 0.343287 0.029427 0.049537
1 0.667318 0.442361 0.029427 0.050463
3 0.622656 0.077083 0.035417 0.057870
2 0.657943 0.315972 0.034635 0.057870
1 0.767318 0.508333 0.028906 0.051852
1 0.739453 0.368981 0.029427 0.049074
