2 0.386849 0.678472 0.034635 0.060648
3 0.659245 0.695602 0.039323 0.066204
3 0.482682 0.390509 0.037760 0.064352
2 0.351432 0.510880 0.034115 0.057870
2 0.582943 0.564120 0.034635 0.059722
3 0.563932 0.754861 0.038802 0.067130
2 0.572005 0.424769 0.034635 0.059722
2 0.476693 0.719213 0.036198 0.062500
3 0.467057 0.534491 0.037760 0.066204
2 0.671224 0.506250 0.034115 0.058796
2 0.491536 0.245139 0.034115 0.055093
2 0.676953 0.322917 0.034635 0.057870
2 0.580339 0.248843 0.034115 0.056019
0 0.176432 0.416435 0.034115 0.034722
