0 0.313411 0.803935 0.026823 0.047685
3 0.535807 0.522917 0.037760 0.064352
1 0.567839 0.551157 0.030469 0.051389
0 0.559245 0.484491 0.027865 0.046759
0 0.382161 0.628935 0.027344 0.046759
2 0.542839 0.439583 0.035156 0.058796
3 0.387500 0.740509 0.037500 0.066204
3 0.647526 0.893750 0.038802 0.068056
0 0.431641 0.521065 0.027344 0.047685
2 0.600911 0.565046 0.035156 0.060648
1 0.418359 0.585880 0.029427 0.051389
2 0.597005 0.737731 0.034635 0.062500
1 0.702214 0.835880 0.029948 0.053241
0 0.401693 0.687269 0.027865 0.047685
1 0.577734 0.784028 0.029948 0.053241
2 0.599870 0.478472 0.034635 0.060648
2 0.737891 0.804398 0.033594 0.062500
1 0.493880 0.613657 0.030469 0.051389
0 0.688411 0.769213 0.026823 0.049537
1 0.530078 0.607639 0.029427 0.054167
0 0.628776 0.605324 0.027865 0.047685
2 0.650651 0.504398 0.034635 0.059722
1 0.685286 0.604861 0.029948 0.052315
2 0.659375 0.339120 0.034375 0.057870
1 0.680339 0.540972 0.028906 0.053241
2 0.642839 0.411806 0.034635 0.058796
3 0.679427 0.452083 0.036979 0.064352
0 0.704297 0.512269 0.027344 0.047685
1 0.710547 0.632407 0.028906 0.052778
