2 0.318359 0.484954 0.034115 0.057870
2 0.358464 0.472454 0.034635 0.058796
2 0.404297 0.682176 0.036198 0.061574
1 0.326953 0.617361 0.029427 0.050463
3 0.515495 0.656713 0.038281 0.065278
3 0.392057 0.523843 0.037760 0.063426
1 0.544141 0.688657 0.030469 0.053241
1 0.350391 0.534028 0.030469 0.051389
1 0.602214 0.513657 0.029948 0.051389
1 0.427604 0.732639 0.030208 0.053241
2 0.474089 0.640972 0.035677 0.061574
1 0.406641 0.402546 0.029948 0.049537
2 0.412109 0.784491 0.035156 0.060648
1 0.442839 0.606713 0.029948 0.052315
0 0.574870 0.712731 0.027865 0.048611
2 0.495182 0.417361 0.035156 0.058796
0 0.441276 0.492824 0.027344 0.045833
3 0.460807 0.394213 0.037240 0.062500
1 0.610286 0.594676 0.030469 0.051389
0 0.530339 0.399769 0.027865 0.046759
2 0.473828 0.229861 0.034115 0.055093
2 0.464974 0.302083 0.034635 0.056944
2 0.694922 0.514120 0.034635 0.060648
3 0.558203 0.291898 0.037760 0.062500
3 0.621224 0.284491 0.037760 0.061574
0 0.612109 0.348843 0.027865 0.045833
2 0.584505 0.214583 0.033073 0.055093
0 0.531380 0.260880 0.027344 0.043981
0 0.694922 0.381250 0.027344 0.046759
0 0.727995 0.365046 0.026823 0.045833
1 0.505339 0.187731 0.029427 0.046759
3 0.671745 0.310880 0.037760 0.062500
2 0.705599 0.438657 0.034115 0.058796
2 0.620703 0.101157 0.032552 0.054167
