3 0.217839 0.690046 0.035677 0.066204
2 0.299089 0.775231 0.034635 0.061574
0 0.357682 0.835880 0.028385 0.047685
3 0.493359 0.563194 0.038281 0.064352
2 0.374349 0.771528 0.035677 0.061574
0 0.232682 0.534491 0.026302 0.045833
2 0.524870 0.518750 0.036198 0.060648
2 0.296745 0.523843 0.034115 0.057870
3 0.541016 0.692824 0.038802 0.067130
2 0.336589 0.534954 0.034115 0.057870
0 0.453776 0.777083 0.027865 0.047685
3 0.352995 0.592361 0.038281 0.065278
3 0.419141 0.466435 0.038281 0.063426
1 0.552474 0.588657 0.030469 0.052315
2 0.433464 0.701620 0.035677 0.062500
2 0.464193 0.494213 0.035156 0.058796
1 0.478516 0.743750 0.030990 0.053241
0 0.583724 0.547917 0.027865 0.048611
2 0.613151 0.521528 0.035677 0.058796
0 0.594922 0.446991 0.027344 0.046759
2 0.639453 0.482176 0.034635 0.061574
0 0.485547 0.319676 0.027344 0.046759
2 0.683464 0.614120 0.035677 0.060648
1 0.472266 0.240046 0.028906 0.047685
1 0.600651 0.359491 0.029427 0.050463
0 0.564714 0.234491 0.027344 0.044907
2 0.692318 0.066435 0.032552 0.053241
1 0.637370 0.300231 0.027865 0.048611
1 0.672005 0.393519 0.028906 0.050926
2 0.702734 0.317361 0.034115 0.057870
1 0.593099 0.229398 0.028906 0.047685
3 0.637630 0.057407 0.035677 0.057407
1 0.744271 0.331250 0.028646 0.048611
1 0.714453 0.226620 0.029427 0.048611
