2 0.328776 0.754398 0.034635 0.060648
2 0.425651 0.781713 0.035677 0.061574
2 0.319922 0.619213 0.033594 0.058796
2 0.535026 0.753009 0.034635 0.061574
2 0.429036 0.661343 0.035677 0.060648
2 0.617057 0.679861 0.034635 0.062500
2 0.565885 0.559028 0.034896 0.060648
2 0.641016 0.518750 0.034635 0.059722
2 0.484505 0.512731 0.035156 0.059722
2 0.493880 0.378935 0.034635 0.056944
2 0.592057 0.420139 0.035156 0.058796
2 0.602734 0.119213 0.033594 0.054167
2 0.655599 0.414583 0.034115 0.057870
2 0.586328 0.279398 0.033594 0.056019
2 0.657422 0.263194 0.034115 0.057870
2 0.660807 0.107639 0.033594 0.053241
1 0.839453 0.934954 0.040885 0.043056
