2 0.254557 0.609028 0.034115 0.058796
0 0.293620 0.534954 0.026302 0.045833
0 0.323047 0.571991 0.026823 0.046759
2 0.576172 0.452546 0.034635 0.059722
1 0.342839 0.608102 0.030469 0.052315
1 0.404297 0.572454 0.030990 0.051389
2 0.416797 0.357639 0.034635 0.057870
0 0.473307 0.773843 0.028385 0.048611
2 0.601693 0.494676 0.035156 0.059722
3 0.444401 0.462269 0.037760 0.063426
0 0.358203 0.527546 0.026823 0.045833
2 0.435417 0.615046 0.035937 0.060648
1 0.367578 0.579861 0.029948 0.052315
1 0.568359 0.525694 0.030469 0.051389
1 0.564714 0.577778 0.029427 0.051852
1 0.523828 0.513194 0.029948 0.051389
3 0.462109 0.542824 0.038281 0.065278
3 0.637109 0.477083 0.036719 0.065278
2 0.627474 0.555787 0.034115 0.060648
1 0.429818 0.174769 0.029427 0.046759
0 0.675911 0.671065 0.028385 0.048611
0 0.498307 0.121528 0.026823 0.043056
0 0.618880 0.287269 0.027344 0.043981
1 0.472005 0.127546 0.028906 0.044907
2 0.633203 0.402083 0.034115 0.057870
0 0.618359 0.146528 0.026302 0.043056
2 0.687370 0.205787 0.033594 0.056944
1 0.782943 0.277546 0.028385 0.047685
3 0.704688 0.026852 0.035937 0.053704
