2 0.501953 0.490972 0.035156 0.060648
0 0.531380 0.504398 0.027344 0.048611
2 0.299349 0.662269 0.033073 0.059722
2 0.533464 0.451620 0.034115 0.061574
2 0.382422 0.470602 0.034635 0.059722
3 0.395182 0.578472 0.038281 0.066204
0 0.511068 0.605787 0.026823 0.048611
2 0.418099 0.525694 0.035677 0.060648
0 0.485547 0.621991 0.027344 0.050463
2 0.459505 0.588194 0.035677 0.062500
0 0.461068 0.641898 0.027344 0.047685
0 0.295964 0.465509 0.026302 0.046759
0 0.319401 0.480324 0.026823 0.045833
3 0.544922 0.611806 0.038281 0.066204
3 0.417578 0.677546 0.038281 0.066204
2 0.349089 0.565509 0.034635 0.061574
2 0.552214 0.549537 0.034635 0.062037
2 0.473568 0.395139 0.033594 0.058796
3 0.581380 0.396065 0.037760 0.063426
1 0.585286 0.663194 0.029948 0.054167
0 0.436328 0.629861 0.027344 0.047685
0 0.588932 0.567361 0.027344 0.048611
2 0.604036 0.615046 0.035156 0.061574
0 0.506120 0.426389 0.025781 0.047222
2 0.442578 0.371528 0.034635 0.057870
0 0.487630 0.714120 0.028385 0.047685
1 0.598047 0.445602 0.030469 0.050463
0 0.663672 0.532639 0.027865 0.048611
1 0.460286 0.314120 0.028906 0.049537
2 0.525651 0.335880 0.032552 0.056944
0 0.658203 0.270139 0.026302 0.045833
2 0.683203 0.410880 0.033594 0.058796
0 0.468880 0.191898 0.026302 0.043056
2 0.516276 0.204398 0.034115 0.054167
1 0.491276 0.338657 0.030990 0.049537
2 0.596745 0.159028 0.033594 0.053241
2 0.651432 0.207639 0.033594 0.056019
1 0.600000 0.226157 0.028125 0.046759
2 0.629818 0.249537 0.034115 0.055556
0 0.683724 0.259028 0.026823 0.044907
0 0.558724 0.164583 0.026823 0.043981
1 0.580599 0.294907 0.029427 0.049074
