1 0.454557 0.523843 0.029948 0.054167
1 0.341536 0.740046 0.028906 0.053241
3 0.436328 0.875926 0.038281 0.066667
1 0.270182 0.428009 0.029427 0.047685
1 0.327474 0.590046 0.028906 0.051389
1 0.530599 0.472917 0.030469 0.051389
2 0.374609 0.602778 0.035677 0.061111
3 0.550130 0.530324 0.038281 0.066204
0 0.520182 0.586806 0.028385 0.047685
0 0.439193 0.747454 0.028385 0.047685
0 0.348307 0.371528 0.027344 0.046759
1 0.350130 0.496065 0.029427 0.049537
2 0.376432 0.537731 0.035677 0.060648
3 0.388151 0.421065 0.037760 0.061574
1 0.545703 0.745602 0.029948 0.052315
0 0.377214 0.654398 0.027865 0.046759
2 0.407682 0.512731 0.035156 0.058796
2 0.544922 0.648843 0.035677 0.061574
2 0.496224 0.626157 0.035677 0.061574
3 0.655078 0.567361 0.036719 0.065278
0 0.594401 0.472917 0.027344 0.046759
3 0.656641 0.456250 0.038281 0.065278
2 0.672266 0.513194 0.033594 0.060648
2 0.723828 0.549769 0.034635 0.060648
1 0.688411 0.571991 0.029427 0.052315
2 0.691797 0.466435 0.033594 0.060648
0 0.631901 0.498843 0.027344 0.046759
2 0.709245 0.360417 0.033594 0.057870
0 0.566536 0.159028 0.026823 0.043056
3 0.731641 0.407639 0.036719 0.063426
2 0.730339 0.316898 0.033073 0.056019
1 0.568620 0.361343 0.028906 0.049537
2 0.784505 0.405787 0.033073 0.058796
