2 0.531250 0.477083 0.034375 0.058796
2 0.511068 0.525231 0.035156 0.060648
3 0.359505 0.607639 0.037240 0.065278
2 0.317448 0.590046 0.034896 0.059722
3 0.461589 0.365972 0.036198 0.059722
3 0.544661 0.768287 0.039844 0.066204
2 0.473307 0.518750 0.035156 0.059722
0 0.551693 0.410880 0.026823 0.044907
1 0.505859 0.691898 0.030469 0.052315
1 0.370182 0.495139 0.029948 0.050463
2 0.357422 0.690046 0.035677 0.061574
1 0.389193 0.362269 0.028906 0.050463
1 0.356901 0.547454 0.030469 0.052315
0 0.429818 0.363194 0.027344 0.045833
3 0.495182 0.396528 0.037240 0.063426
1 0.442057 0.528935 0.030469 0.051389
3 0.406901 0.435880 0.037240 0.061574
2 0.579818 0.391898 0.034115 0.057870
2 0.545703 0.628009 0.035156 0.060648
0 0.526172 0.403935 0.026823 0.047685
1 0.605339 0.430787 0.028906 0.050463
1 0.446745 0.316898 0.028906 0.048611
3 0.669922 0.306713 0.037760 0.062500
0 0.660026 0.574769 0.027344 0.048611
3 0.630859 0.286343 0.036719 0.061574
2 0.634766 0.401620 0.034635 0.059722
2 0.431380 0.191898 0.033594 0.055093
1 0.564193 0.321991 0.028906 0.050463
2 0.609245 0.362731 0.034115 0.057870
0 0.566016 0.206250 0.026302 0.043981
0 0.686328 0.227083 0.026823 0.044907
2 0.652995 0.241435 0.034115 0.055093
1 0.605859 0.189583 0.029427 0.047685
0 0.782292 0.446991 0.026562 0.046759
