0 0.531380 0.479861 0.027865 0.046759
3 0.456380 0.469213 0.038802 0.063426
3 0.482422 0.542824 0.036719 0.066204
3 0.410807 0.560880 0.037760 0.064352
1 0.451953 0.525231 0.029427 0.051389
1 0.512891 0.722454 0.030469 0.053241
2 0.419922 0.621065 0.035677 0.060648
3 0.552214 0.730787 0.039323 0.066204
2 0.423307 0.503009 0.035677 0.059722
0 0.543880 0.675694 0.027865 0.047685
0 0.537370 0.524769 0.027344 0.047685
2 0.497266 0.672222 0.034635 0.062037
2 0.447005 0.411343 0.034635 0.057870
2 0.445182 0.579861 0.035156 0.058796
1 0.513932 0.441435 0.028385 0.049537
1 0.510547 0.512269 0.029427 0.051389
1 0.465625 0.677083 0.030208 0.051389
3 0.476693 0.733102 0.038802 0.067130
1 0.579297 0.694676 0.030469 0.053241
0 0.395964 0.753472 0.027865 0.046759
0 0.509505 0.573843 0.027865 0.047685
1 0.435807 0.671065 0.029427 0.052315
3 0.543099 0.580324 0.037240 0.064352
2 0.562109 0.493287 0.034635 0.059722
1 0.399609 0.425231 0.029948 0.050463
2 0.523568 0.632639 0.035156 0.061574
1 0.397005 0.475231 0.030469 0.049537
2 0.484505 0.607639 0.035677 0.061574
2 0.472005 0.369213 0.035156 0.057870
0 0.452734 0.631250 0.027865 0.048611
0 0.489714 0.481250 0.028385 0.046759
2 0.535026 0.381250 0.034115 0.057870
2 0.362109 0.452083 0.034635 0.057870
