1 0.306901 0.826620 0.029948 0.051389
2 0.573568 0.515046 0.034635 0.059722
0 0.276693 0.441435 0.026302 0.045833
2 0.484505 0.543287 0.035156 0.059722
0 0.586068 0.459491 0.027344 0.048611
2 0.300130 0.471991 0.034115 0.058796
0 0.269922 0.393287 0.025781 0.043981
2 0.511589 0.432639 0.035156 0.057870
3 0.615755 0.697454 0.039323 0.066204
0 0.494141 0.615509 0.028385 0.048611
1 0.474089 0.477546 0.029427 0.049537
2 0.411589 0.429861 0.034635 0.058796
1 0.452214 0.510880 0.029427 0.049537
2 0.547526 0.477083 0.034635 0.059722
2 0.481901 0.665509 0.035156 0.061574
2 0.607422 0.524306 0.033073 0.059722
0 0.448828 0.414120 0.026823 0.045833
2 0.445182 0.350231 0.035156 0.057870
3 0.694661 0.423148 0.038281 0.063889
1 0.669661 0.626157 0.030469 0.053241
3 0.539193 0.222917 0.037240 0.060648
1 0.625651 0.326620 0.029427 0.050463
3 0.657422 0.522917 0.038281 0.065278
1 0.441276 0.296528 0.029427 0.049537
1 0.508203 0.252546 0.029948 0.049537
2 0.574870 0.196065 0.034115 0.055093
0 0.607161 0.362731 0.026823 0.044907
2 0.678776 0.278472 0.034115 0.056944
2 0.713672 0.494676 0.034115 0.058796
1 0.626432 0.163657 0.028906 0.047685
1 0.691536 0.078472 0.028385 0.045833
0 0.765495 0.467824 0.026823 0.046759
3 0.709505 0.240509 0.037760 0.059722
