0 0.378255 0.749306 0.027865 0.047685
3 0.417057 0.485417 0.038281 0.063426
2 0.406120 0.719213 0.035677 0.060648
2 0.549349 0.484954 0.035156 0.059722
0 0.406120 0.427083 0.027344 0.046759
0 0.409635 0.378472 0.027083 0.045833
3 0.581641 0.515509 0.037240 0.065278
2 0.434245 0.546065 0.035156 0.061574
1 0.562891 0.433565 0.029427 0.050463
2 0.448568 0.360417 0.033594 0.057870
0 0.541276 0.681713 0.027865 0.047685
0 0.444141 0.656713 0.027865 0.047685
2 0.369661 0.428009 0.034635 0.058796
2 0.503516 0.624306 0.035677 0.060648
1 0.381641 0.513657 0.030990 0.048611
1 0.711068 0.668750 0.029427 0.053241
1 0.386068 0.304861 0.029427 0.047685
1 0.631380 0.582639 0.030469 0.052315
1 0.469922 0.195602 0.029427 0.046759
2 0.682422 0.470139 0.033594 0.058796
1 0.632682 0.385417 0.029427 0.050463
3 0.679557 0.339583 0.036719 0.062500
0 0.724349 0.320602 0.026823 0.044907
0 0.577214 0.121528 0.025781 0.042130
3 0.718099 0.267130 0.035677 0.061111
1 0.723828 0.409491 0.028385 0.051389
0 0.582422 0.068287 0.026302 0.042130
2 0.691276 0.409028 0.034115 0.059722
1 0.799349 0.333565 0.027865 0.048611
0 0.578385 0.532176 0.031250 0.033796
