0 0.354297 0.803009 0.027865 0.048611
0 0.422786 0.396065 0.027344 0.045833
3 0.528516 0.487269 0.037760 0.064352
2 0.297526 0.493750 0.034115 0.056944
2 0.359505 0.671065 0.034635 0.059722
2 0.322786 0.574769 0.034635 0.058796
1 0.457422 0.419676 0.029427 0.050463
1 0.454297 0.602546 0.029427 0.052315
2 0.331120 0.506713 0.035156 0.056944
1 0.299609 0.431713 0.028906 0.050463
2 0.427995 0.570139 0.035156 0.059722
0 0.360026 0.523843 0.026823 0.045833
0 0.407943 0.611343 0.027865 0.048611
3 0.576953 0.552083 0.038802 0.065278
2 0.360807 0.440046 0.035156 0.057870
2 0.578255 0.487731 0.034635 0.059722
1 0.473307 0.551157 0.029948 0.050463
3 0.516016 0.548380 0.038281 0.065278
2 0.547526 0.419676 0.034635 0.058796
0 0.583984 0.411343 0.027344 0.045833
0 0.628255 0.614120 0.028385 0.048611
1 0.478255 0.264120 0.029427 0.047685
2 0.486589 0.355787 0.034635 0.058796
3 0.649609 0.510417 0.036719 0.064352
1 0.570573 0.300231 0.028646 0.048611
2 0.529297 0.201620 0.034635 0.055093
1 0.741797 0.571528 0.029427 0.051389
1 0.518880 0.347917 0.029427 0.048611
3 0.700130 0.427778 0.037240 0.064815
3 0.657422 0.313657 0.037240 0.063426
2 0.499609 0.302083 0.033594 0.057870
1 0.679427 0.359954 0.029687 0.050463
0 0.632943 0.449769 0.026823 0.046759
2 0.644922 0.374306 0.034115 0.057870
