0 0.296094 0.735417 0.027083 0.047685
2 0.535026 0.491898 0.034635 0.060648
2 0.501172 0.468750 0.034635 0.059722
2 0.450911 0.499306 0.034635 0.058796
0 0.528255 0.438657 0.026823 0.046759
2 0.408724 0.595602 0.035677 0.057870
1 0.445964 0.731713 0.030990 0.053241
3 0.599609 0.488194 0.037760 0.063426
0 0.394401 0.359954 0.027344 0.044907
0 0.417318 0.543287 0.027344 0.047685
3 0.391536 0.465046 0.037760 0.064352
1 0.507943 0.521528 0.029948 0.051389
0 0.566797 0.479861 0.027865 0.048611
2 0.619661 0.425231 0.033594 0.058796
2 0.586068 0.429861 0.033594 0.058796
2 0.478516 0.404861 0.034635 0.058796
3 0.493880 0.576157 0.038802 0.066204
1 0.622526 0.370602 0.027865 0.050463
3 0.656120 0.447454 0.037240 0.063426
0 0.645443 0.396528 0.027344 0.044907
2 0.563932 0.287731 0.034115 0.057870
1 0.448047 0.293287 0.028385 0.047685
1 0.618099 0.321528 0.030469 0.048611
2 0.470443 0.221991 0.033594 0.055093
1 0.528516 0.304398 0.029948 0.049537
1 0.504557 0.244213 0.029948 0.048611
1 0.595443 0.353009 0.029427 0.049537
2 0.675130 0.388194 0.034115 0.058796
0 0.674870 0.306713 0.027344 0.044907
2 0.626172 0.228472 0.034115 0.055093
3 0.590755 0.240972 0.037240 0.060648
3 0.651693 0.343287 0.036719 0.061574
2 0.641016 0.283796 0.033073 0.057407
1 0.663932 0.251852 0.028385 0.048148
