0 0.504036 0.802083 0.028385 0.047685
2 0.434505 0.683565 0.035156 0.061574
2 0.489193 0.578472 0.036198 0.061574
3 0.549609 0.478935 0.038802 0.064352
0 0.519661 0.601620 0.027865 0.046759
3 0.612370 0.567593 0.037240 0.065741
2 0.616667 0.390046 0.034896 0.058796
0 0.535547 0.529861 0.027865 0.047685
0 0.504036 0.700231 0.028385 0.048611
1 0.698568 0.807639 0.029948 0.053241
1 0.579036 0.570602 0.030469 0.052315
3 0.602474 0.481250 0.037240 0.064352
2 0.632682 0.733102 0.035156 0.063426
1 0.585547 0.371528 0.028906 0.049537
1 0.537370 0.389120 0.029427 0.049537
0 0.505339 0.479398 0.027865 0.047685
1 0.515234 0.331713 0.029427 0.048611
1 0.441276 0.268750 0.029427 0.046759
2 0.536849 0.290046 0.034115 0.056019
2 0.576172 0.304861 0.033073 0.057870
0 0.711979 0.628472 0.027604 0.048611
1 0.525391 0.187269 0.029427 0.046759
0 0.779557 0.577546 0.027344 0.046759
1 0.677995 0.322454 0.028906 0.050463
2 0.556380 0.170602 0.034115 0.053241
3 0.642578 0.447454 0.037240 0.064352
1 0.658984 0.390509 0.029948 0.051389
2 0.747526 0.370602 0.033594 0.056944
0 0.788281 0.436806 0.026562 0.045833
