1 0.281641 0.524306 0.028906 0.050463
3 0.339714 0.663194 0.037240 0.064352
2 0.330078 0.444213 0.033594 0.057870
0 0.368359 0.703935 0.027344 0.047685
1 0.373568 0.653472 0.030990 0.051389
1 0.317057 0.558102 0.029948 0.050463
1 0.341276 0.366898 0.028385 0.050463
2 0.425911 0.616898 0.035156 0.061574
0 0.479036 0.584028 0.027865 0.047685
1 0.503255 0.611806 0.030469 0.051389
2 0.461849 0.628472 0.035156 0.061574
2 0.562630 0.418750 0.034635 0.058796
0 0.370703 0.525231 0.027344 0.047685
0 0.389062 0.427083 0.027083 0.045833
2 0.503255 0.438657 0.034635 0.060648
3 0.424349 0.450231 0.037760 0.064352
0 0.379557 0.366204 0.027344 0.045370
2 0.607682 0.436343 0.034635 0.058796
1 0.618880 0.571065 0.029948 0.052315
1 0.595443 0.386343 0.030469 0.049537
2 0.520182 0.370602 0.035156 0.057870
2 0.536328 0.455787 0.034115 0.059722
1 0.456641 0.327083 0.029427 0.048611
3 0.655078 0.480093 0.037240 0.064815
3 0.567839 0.353472 0.036719 0.063426
2 0.618359 0.301852 0.034115 0.058333
0 0.498047 0.150694 0.026823 0.043981
1 0.566797 0.296528 0.029427 0.049537
2 0.676172 0.283565 0.033594 0.056944
0 0.703255 0.470602 0.027344 0.046759
3 0.733203 0.450694 0.037240 0.064352
2 0.678516 0.340509 0.033594 0.056944
3 0.595703 0.256250 0.037760 0.061574
2 0.687109 0.398843 0.032552 0.059722
