2 0.347526 0.661574 0.033594 0.060185
0 0.351432 0.729398 0.027344 0.047685
1 0.541016 0.542361 0.029948 0.053241
1 0.319141 0.593750 0.029948 0.051389
0 0.396224 0.765972 0.027344 0.047685
3 0.493099 0.620139 0.038802 0.066204
2 0.529557 0.453472 0.034635 0.059722
0 0.408984 0.567824 0.027344 0.047685
2 0.552214 0.624306 0.035677 0.061574
1 0.453776 0.712731 0.029948 0.052315
2 0.620182 0.639120 0.035677 0.061574
0 0.368359 0.387731 0.027344 0.044907
2 0.622656 0.537731 0.033333 0.059722
0 0.459766 0.550231 0.027344 0.047685
1 0.650651 0.659954 0.029427 0.053241
2 0.460286 0.190046 0.034115 0.053241
2 0.653776 0.574306 0.034635 0.060648
0 0.605078 0.345139 0.027865 0.045833
3 0.468620 0.287731 0.037240 0.061574
3 0.648047 0.395602 0.037240 0.064352
2 0.502214 0.155787 0.033594 0.054167
2 0.685547 0.413657 0.034635 0.058796
0 0.709505 0.384954 0.026302 0.045833
0 0.593620 0.198843 0.026302 0.043981
0 0.674609 0.519213 0.027865 0.046759
0 0.729036 0.451157 0.026823 0.046759
2 0.549349 0.275231 0.034115 0.056944
2 0.683724 0.310880 0.033594 0.057870
2 0.618099 0.142361 0.033594 0.053241
1 0.657422 0.138194 0.028385 0.045833
