0 0.235286 0.776620 0.026302 0.047685
0 0.250391 0.729861 0.026302 0.048611
2 0.317839 0.699306 0.034115 0.061574
2 0.361328 0.592824 0.035677 0.059722
1 0.392839 0.748380 0.029948 0.053241
3 0.585026 0.513194 0.038281 0.065278
3 0.369661 0.653935 0.037760 0.065278
1 0.256380 0.370139 0.028906 0.047685
2 0.301693 0.448380 0.034115 0.056944
0 0.300651 0.385417 0.026823 0.044907
2 0.361328 0.415046 0.034635 0.056944
1 0.399870 0.458565 0.029427 0.050463
2 0.363411 0.503009 0.035156 0.058796
0 0.263932 0.415046 0.025781 0.044907
1 0.530859 0.731713 0.030469 0.053241
3 0.418620 0.590046 0.038281 0.065278
2 0.609896 0.469213 0.034375 0.058796
1 0.470443 0.383102 0.029427 0.050463
2 0.714714 0.693750 0.036198 0.061574
0 0.710286 0.387269 0.027344 0.046759
0 0.519401 0.288194 0.027865 0.044907
1 0.594661 0.286343 0.028906 0.048611
1 0.491276 0.288194 0.027865 0.047685
3 0.669401 0.493750 0.037760 0.064352
0 0.597526 0.335417 0.027344 0.043981
0 0.651953 0.250231 0.026302 0.044907
1 0.636328 0.320602 0.029427 0.049537
2 0.676172 0.306713 0.033073 0.057870
1 0.651172 0.134954 0.028385 0.045833
