3 0.268099 0.621065 0.035677 0.065278
0 0.331901 0.880787 0.028906 0.051389
1 0.368099 0.800694 0.029427 0.051389
3 0.520182 0.603935 0.038281 0.065278
3 0.310547 0.648380 0.037240 0.065278
1 0.551693 0.613657 0.028385 0.049537
1 0.414714 0.630787 0.031510 0.053241
0 0.525911 0.780324 0.028385 0.048611
1 0.445182 0.551157 0.029948 0.051389
1 0.587109 0.590046 0.028906 0.052315
2 0.577734 0.652546 0.035677 0.061574
2 0.576953 0.396528 0.034635 0.058796
1 0.347266 0.386806 0.030469 0.049537
0 0.586328 0.315046 0.026823 0.044907
0 0.673307 0.616435 0.027865 0.047685
1 0.651953 0.317361 0.029427 0.049537
0 0.433203 0.316435 0.026823 0.045833
2 0.707943 0.383102 0.033073 0.058796
2 0.574609 0.134954 0.033594 0.055093
1 0.541276 0.224769 0.029427 0.047685
0 0.691797 0.497454 0.026823 0.046759
2 0.525651 0.307176 0.034635 0.056944
2 0.728255 0.537269 0.034115 0.059722
1 0.700911 0.569676 0.029427 0.052315
3 0.673307 0.402546 0.037240 0.064352
2 0.754036 0.188657 0.033073 0.056019
0 0.719401 0.235417 0.026823 0.044907
1 0.831120 0.937269 0.041406 0.043981
