2 0.327995 0.897454 0.036198 0.066204
2 0.336068 0.656250 0.035156 0.056944
3 0.431901 0.815046 0.037760 0.067130
1 0.449089 0.887269 0.029948 0.053241
0 0.295703 0.628472 0.026823 0.047685
1 0.578516 0.870602 0.029948 0.054167
2 0.561328 0.411806 0.035156 0.058796
0 0.395443 0.684028 0.027865 0.047685
3 0.533984 0.615972 0.038802 0.066204
1 0.466276 0.792824 0.030990 0.053241
2 0.525130 0.380324 0.034635 0.058796
1 0.420182 0.626620 0.030469 0.052315
0 0.436328 0.740046 0.027865 0.049537
0 0.500391 0.416435 0.027865 0.046759
2 0.619661 0.570139 0.034635 0.059722
1 0.588281 0.559491 0.030208 0.051389
3 0.672526 0.751157 0.038281 0.066204
2 0.744922 0.802083 0.034115 0.063426
0 0.567839 0.350231 0.027865 0.045833
1 0.441797 0.294213 0.028906 0.047685
1 0.700651 0.385417 0.029948 0.051389
2 0.513151 0.217361 0.034115 0.055093
0 0.685286 0.514583 0.027344 0.047685
2 0.656120 0.151620 0.034115 0.053241
2 0.652214 0.206250 0.033073 0.054167
1 0.578516 0.304398 0.029427 0.049537
0 0.650651 0.369213 0.027344 0.045833
1 0.734245 0.330324 0.028906 0.049537
0 0.683724 0.214120 0.026823 0.044907
