3 0.450651 0.640972 0.038281 0.066204
2 0.400130 0.816898 0.035677 0.060648
1 0.376953 0.677083 0.029948 0.051389
2 0.523047 0.450694 0.034635 0.059722
2 0.419922 0.585417 0.035156 0.061574
2 0.348047 0.422454 0.034635 0.057870
0 0.488932 0.591435 0.027865 0.048611
0 0.363411 0.634491 0.027865 0.045833
0 0.468099 0.400231 0.026823 0.046759
0 0.417839 0.507639 0.026823 0.046759
2 0.613672 0.574537 0.034115 0.061111
2 0.330078 0.557176 0.034635 0.059722
0 0.563151 0.641435 0.027344 0.049537
1 0.604297 0.492824 0.029948 0.051389
2 0.568099 0.400694 0.034635 0.057870
2 0.535807 0.365509 0.034635 0.058796
1 0.381250 0.526620 0.029687 0.050463
1 0.580078 0.541898 0.029948 0.052315
1 0.456380 0.344213 0.030469 0.047685
3 0.645703 0.679398 0.038281 0.066204
1 0.482422 0.134954 0.028385 0.045833
3 0.486328 0.188657 0.037240 0.059722
0 0.600391 0.278009 0.027344 0.045833
2 0.668359 0.563194 0.035156 0.061574
3 0.663411 0.355324 0.037760 0.063426
2 0.651172 0.287269 0.033594 0.056944
2 0.694661 0.328009 0.034635 0.057870
2 0.534505 0.261343 0.034115 0.056019
0 0.695964 0.524769 0.027865 0.047685
3 0.703776 0.437731 0.037240 0.063426
1 0.679297 0.259954 0.028385 0.049537
1 0.717318 0.383102 0.029427 0.051389
