0 0.352474 0.809954 0.027344 0.045833
3 0.535807 0.626157 0.039844 0.066204
0 0.450911 0.586806 0.027344 0.049537
1 0.377214 0.723380 0.030469 0.052315
3 0.354297 0.672917 0.037760 0.065278
1 0.281641 0.575694 0.029427 0.048611
1 0.369401 0.574769 0.030990 0.051389
1 0.697005 0.903009 0.028385 0.054167
1 0.504818 0.759954 0.031510 0.051389
0 0.490755 0.380787 0.027344 0.046759
2 0.426432 0.620602 0.034635 0.062500
2 0.579297 0.665972 0.035677 0.062500
3 0.549609 0.538657 0.037760 0.065278
1 0.386328 0.411343 0.029948 0.050463
0 0.355599 0.521991 0.026823 0.047685
1 0.589714 0.547917 0.029948 0.052315
2 0.371745 0.463194 0.034635 0.058796
2 0.762891 0.869213 0.034115 0.062500
2 0.457943 0.646528 0.035156 0.061574
0 0.473307 0.750231 0.028385 0.048611
2 0.675651 0.819907 0.035156 0.062963
1 0.459245 0.350231 0.029427 0.048611
2 0.596745 0.606250 0.034635 0.062500
2 0.604036 0.496528 0.034115 0.059722
3 0.668620 0.497917 0.037240 0.065278
2 0.637891 0.814583 0.036198 0.062500
2 0.507422 0.456250 0.035156 0.059722
0 0.445182 0.229398 0.027344 0.043981
2 0.630078 0.568750 0.034635 0.061574
3 0.726432 0.728704 0.038281 0.066667
1 0.557422 0.334491 0.029948 0.049537
2 0.564714 0.121991 0.033594 0.054167
0 0.812630 0.582639 0.026302 0.048611
3 0.652734 0.234028 0.037240 0.061574
