0 0.277214 0.809954 0.027865 0.051389
3 0.352995 0.589583 0.037760 0.065278
3 0.325391 0.548611 0.036719 0.065741
2 0.405339 0.665972 0.034635 0.061574
2 0.568880 0.592824 0.035156 0.061574
2 0.364193 0.367361 0.034115 0.056944
1 0.531120 0.594676 0.030990 0.054167
2 0.444531 0.757639 0.035937 0.062500
1 0.342578 0.405787 0.029427 0.049537
2 0.499089 0.715046 0.036198 0.061574
2 0.473568 0.391435 0.034635 0.058796
3 0.482943 0.476157 0.038281 0.064352
3 0.586589 0.443750 0.038281 0.064352
2 0.623568 0.755787 0.035677 0.062500
0 0.411068 0.396991 0.027865 0.045833
1 0.522266 0.423843 0.029427 0.050463
0 0.712630 0.840509 0.027865 0.046759
0 0.735026 0.797917 0.027865 0.048611
2 0.696224 0.794213 0.035156 0.062500
1 0.720703 0.743750 0.029427 0.054167
3 0.693620 0.364120 0.036719 0.063426
2 0.626953 0.158102 0.033594 0.055093
0 0.493620 0.347917 0.028385 0.045833
0 0.508984 0.230787 0.026302 0.044907
0 0.590495 0.224306 0.026302 0.044907
1 0.545443 0.154398 0.028906 0.046759
3 0.662240 0.155324 0.036458 0.057870
2 0.646224 0.274537 0.033594 0.056481
2 0.652214 0.210417 0.033594 0.055093
1 0.703776 0.289120 0.027865 0.048611
1 0.681120 0.259954 0.028906 0.049537
1 0.639974 0.107639 0.028385 0.046759
0 0.698828 0.222917 0.026302 0.043981
