0 0.258203 0.692361 0.026823 0.046759
2 0.523568 0.471528 0.034635 0.059722
2 0.241927 0.523380 0.034375 0.057870
0 0.590495 0.675231 0.028385 0.048611
1 0.293620 0.527083 0.028906 0.050463
1 0.424089 0.595139 0.030469 0.052315
3 0.475391 0.665046 0.038281 0.066204
2 0.332161 0.574769 0.034115 0.059722
2 0.558984 0.679398 0.034635 0.061574
3 0.475651 0.389120 0.037760 0.062500
3 0.622526 0.671991 0.037760 0.067130
0 0.384505 0.640046 0.027344 0.048611
2 0.429297 0.534954 0.034635 0.060648
1 0.393099 0.593287 0.030469 0.053241
1 0.587891 0.560880 0.029948 0.051389
0 0.346484 0.515972 0.027344 0.046759
1 0.602734 0.369676 0.028906 0.049537
2 0.557161 0.415509 0.034115 0.058796
1 0.622266 0.408565 0.029948 0.051389
3 0.529297 0.342361 0.037240 0.063426
2 0.660807 0.516435 0.034635 0.058796
0 0.569401 0.338657 0.027865 0.046759
0 0.457943 0.312731 0.026823 0.044907
3 0.698568 0.397454 0.037240 0.064352
3 0.658984 0.405787 0.038281 0.063426
2 0.688932 0.615972 0.034635 0.061574
1 0.519922 0.285880 0.028906 0.048611
0 0.689714 0.473843 0.027344 0.046759
1 0.657682 0.341435 0.029427 0.050463
2 0.645964 0.462269 0.034115 0.058796
2 0.695703 0.296065 0.034115 0.056944
1 0.771354 0.367361 0.028646 0.049537
2 0.717578 0.232639 0.034115 0.056019
