3 0.284766 0.613657 0.036719 0.066204
0 0.564974 0.541898 0.027865 0.046759
0 0.398047 0.417824 0.027344 0.045833
1 0.351693 0.492824 0.029948 0.050463
0 0.423828 0.413657 0.026823 0.045833
1 0.592578 0.637731 0.029948 0.053241
2 0.415495 0.698843 0.036198 0.062500
1 0.367839 0.539583 0.029427 0.051389
2 0.460026 0.485880 0.034115 0.058796
1 0.344922 0.568750 0.029427 0.051389
0 0.517578 0.656713 0.027865 0.048611
1 0.433203 0.457176 0.029427 0.048611
0 0.624349 0.593287 0.028385 0.046759
0 0.655078 0.573843 0.026823 0.046759
2 0.460547 0.266435 0.034115 0.057870
2 0.655599 0.635880 0.035156 0.061574
1 0.620964 0.521991 0.028906 0.051389
3 0.702995 0.451157 0.037240 0.064352
2 0.546745 0.341435 0.034635 0.057870
0 0.630339 0.385880 0.027865 0.046759
3 0.441797 0.193287 0.037240 0.059722
2 0.658203 0.510880 0.035156 0.060648
2 0.727214 0.515972 0.034635 0.059722
3 0.723698 0.308565 0.036458 0.061574
0 0.781641 0.326157 0.026302 0.045833
2 0.600391 0.222917 0.033594 0.056019
1 0.758724 0.272917 0.028906 0.048611
1 0.693359 0.230787 0.028385 0.047685
1 0.624089 0.286806 0.028906 0.047685
