1 0.344141 0.896065 0.029948 0.052315
2 0.536589 0.502546 0.035156 0.059722
0 0.300911 0.574306 0.025781 0.046759
0 0.258984 0.507639 0.027344 0.044907
0 0.283203 0.610880 0.027344 0.045833
1 0.507682 0.461806 0.029948 0.049537
2 0.391016 0.552546 0.035156 0.058796
1 0.366146 0.593287 0.028646 0.048611
1 0.477995 0.471528 0.029427 0.050463
2 0.325391 0.603009 0.034635 0.060648
2 0.362891 0.667824 0.035677 0.059722
0 0.561328 0.705324 0.027344 0.047685
3 0.542839 0.368750 0.037240 0.063426
2 0.468359 0.706713 0.035677 0.062500
2 0.430078 0.396528 0.035156 0.056944
1 0.401172 0.360417 0.029948 0.050463
2 0.471224 0.640972 0.035677 0.061574
3 0.554818 0.429861 0.037760 0.064352
1 0.604557 0.553009 0.030469 0.051389
3 0.503776 0.370602 0.037240 0.063426
1 0.567318 0.571065 0.029948 0.052315
1 0.638672 0.654398 0.030990 0.051389
3 0.690495 0.605324 0.038802 0.066204
3 0.629297 0.492361 0.037760 0.066204
3 0.551693 0.305324 0.036719 0.061574
0 0.635286 0.604398 0.027865 0.048611
0 0.600911 0.276157 0.026823 0.045833
1 0.623307 0.175694 0.028906 0.046759
2 0.539974 0.250694 0.034635 0.055093
2 0.665234 0.435880 0.034635 0.058796
2 0.557682 0.111343 0.033073 0.053241
1 0.705339 0.495602 0.028906 0.051389
