0 0.536849 0.540509 0.026823 0.043981
2 0.550651 0.578472 0.035677 0.061574
2 0.572266 0.490509 0.037240 0.063426
2 0.592839 0.601620 0.038281 0.062500
2 0.581901 0.657639 0.035677 0.063426
2 0.548828 0.639120 0.036719 0.060648
2 0.601172 0.536806 0.033594 0.057870
2 0.627474 0.563194 0.035156 0.060648
0 0.607943 0.670139 0.027865 0.044907
2 0.533203 0.699306 0.035677 0.062500
0 0.677995 0.680787 0.027344 0.047685
2 0.577474 0.701157 0.036198 0.051389
0 0.641797 0.698843 0.027865 0.049537
0 0.663672 0.727083 0.027865 0.048611
2 0.519401 0.589583 0.035677 0.062500
0 0.674609 0.633565 0.027344 0.048611
