1 0.304818 0.694676 0.029427 0.053241
3 0.457422 0.497454 0.038281 0.065278
2 0.400911 0.528935 0.035677 0.059722
1 0.411849 0.726620 0.029948 0.052315
3 0.387109 0.452546 0.037760 0.062500
2 0.456120 0.389120 0.035156 0.057870
0 0.588151 0.531713 0.026823 0.047685
2 0.305859 0.376157 0.034115 0.056019
1 0.396224 0.396991 0.029948 0.050463
1 0.560286 0.540046 0.029427 0.050463
2 0.504297 0.488194 0.035156 0.058796
1 0.605599 0.471065 0.029427 0.050463
1 0.506380 0.609491 0.029948 0.050463
0 0.624609 0.373380 0.026823 0.046759
1 0.543359 0.403009 0.029427 0.050463
0 0.622526 0.519213 0.026823 0.046759
0 0.417057 0.156250 0.026302 0.043056
1 0.387630 0.324769 0.029427 0.049537
0 0.641797 0.488194 0.026823 0.046759
0 0.575130 0.228472 0.026823 0.043981
2 0.558464 0.267824 0.034115 0.056944
0 0.625651 0.436806 0.027344 0.046759
1 0.614193 0.326157 0.028906 0.048611
3 0.616536 0.264583 0.037240 0.062500
3 0.661068 0.154861 0.036198 0.059722
2 0.684766 0.246065 0.034635 0.056944
2 0.633984 0.207639 0.033594 0.055093
0 0.723828 0.270602 0.026823 0.044907
2 0.755859 0.209954 0.032552 0.056019
