1 0.321484 0.710880 0.029948 0.050463
3 0.449349 0.554861 0.038281 0.064352
1 0.475911 0.516898 0.030469 0.051389
0 0.520443 0.551620 0.027865 0.047685
2 0.543099 0.587731 0.034635 0.061574
0 0.231901 0.413194 0.026823 0.045833
1 0.289714 0.371065 0.028385 0.049537
2 0.458984 0.731944 0.035677 0.061111
0 0.295703 0.443287 0.025781 0.044907
3 0.451432 0.621991 0.037760 0.065278
2 0.496484 0.599769 0.035677 0.061574
1 0.429818 0.392361 0.029427 0.049537
3 0.463932 0.348380 0.037760 0.062500
0 0.402995 0.358565 0.026823 0.044907
1 0.540234 0.413194 0.029948 0.050463
2 0.546484 0.476157 0.034635 0.059722
0 0.477995 0.661806 0.027865 0.049537
3 0.442057 0.283102 0.036719 0.060648
0 0.425911 0.239583 0.026823 0.043981
0 0.699870 0.665278 0.027344 0.048148
2 0.496224 0.208565 0.034115 0.055093
3 0.693490 0.421991 0.037500 0.063426
1 0.406901 0.297454 0.029427 0.049537
1 0.633724 0.556250 0.029948 0.052315
1 0.553516 0.213657 0.028906 0.050463
3 0.556380 0.268287 0.037760 0.059722
2 0.550391 0.161343 0.033594 0.054167
2 0.590755 0.280787 0.033073 0.057870
1 0.586849 0.222454 0.028906 0.048611
2 0.684766 0.217361 0.033073 0.055093
0 0.175391 0.419213 0.029948 0.034722
