1 0.223047 0.600694 0.028906 0.048611
0 0.574089 0.787269 0.027865 0.048611
3 0.604557 0.621991 0.038281 0.065278
1 0.514062 0.732639 0.030208 0.052315
0 0.318099 0.570139 0.027344 0.045833
3 0.361068 0.589120 0.037240 0.065278
2 0.242578 0.483102 0.033594 0.056944
1 0.508203 0.433102 0.029427 0.050463
2 0.395964 0.690972 0.035156 0.060648
0 0.375130 0.386343 0.027344 0.045833
1 0.412891 0.463194 0.030469 0.050463
0 0.577214 0.490972 0.027344 0.046759
1 0.399870 0.525694 0.029948 0.052315
1 0.524740 0.602083 0.029687 0.051389
0 0.448047 0.616435 0.027865 0.047685
1 0.671745 0.577546 0.028385 0.052315
0 0.693620 0.708102 0.027865 0.048611
2 0.485286 0.397454 0.034635 0.058796
0 0.445182 0.137269 0.026823 0.042130
1 0.473828 0.231250 0.029427 0.049537
1 0.637630 0.628935 0.029948 0.052315
3 0.639193 0.569676 0.037760 0.066204
3 0.584245 0.216435 0.036719 0.061574
2 0.561198 0.163194 0.033333 0.054167
2 0.657422 0.162269 0.033073 0.054167
2 0.496224 0.124769 0.033594 0.052315
0 0.608464 0.247917 0.026302 0.043981
2 0.626953 0.205324 0.033594 0.054167
2 0.707682 0.133102 0.033594 0.055093
