0 0.242839 0.659028 0.026823 0.046759
1 0.301432 0.734491 0.029427 0.051389
2 0.379557 0.543750 0.035156 0.059722
3 0.588411 0.463194 0.038281 0.065278
3 0.447005 0.381250 0.037760 0.063426
0 0.466797 0.725694 0.028385 0.047685
2 0.361328 0.426620 0.034115 0.057870
2 0.437630 0.439583 0.035156 0.058796
1 0.267057 0.413194 0.027344 0.048611
0 0.348828 0.562269 0.026823 0.047685
1 0.356641 0.505787 0.028906 0.051389
0 0.531641 0.541435 0.027344 0.047685
1 0.291536 0.436343 0.029427 0.048611
0 0.618620 0.484954 0.026302 0.047685
0 0.622266 0.427546 0.026823 0.047685
2 0.620964 0.615046 0.034635 0.060648
2 0.589974 0.575231 0.034115 0.060648
2 0.616797 0.540046 0.034115 0.059722
1 0.645964 0.565046 0.028385 0.051389
1 0.646745 0.460417 0.028906 0.050463
3 0.475130 0.516435 0.038281 0.065278
0 0.597266 0.276157 0.027344 0.044907
1 0.662370 0.508102 0.029948 0.052315
2 0.622005 0.337731 0.033594 0.058796
3 0.656901 0.277083 0.036719 0.061574
0 0.660547 0.331250 0.027865 0.045833
1 0.585807 0.085880 0.028385 0.044907
2 0.689453 0.300694 0.034115 0.056944
1 0.775391 0.496065 0.028906 0.052315
