0 0.288672 0.746065 0.026823 0.047685
3 0.280599 0.691435 0.037240 0.064352
3 0.297526 0.571528 0.037240 0.062500
0 0.293620 0.470370 0.026302 0.046296
2 0.557682 0.623843 0.035677 0.062500
2 0.322526 0.637269 0.034115 0.058796
2 0.355859 0.542361 0.035156 0.059722
3 0.438151 0.556250 0.037240 0.064352
1 0.576693 0.573843 0.030469 0.052315
2 0.609766 0.753935 0.036198 0.062500
1 0.433984 0.771528 0.029948 0.053241
2 0.421745 0.403009 0.034635 0.057870
1 0.620182 0.678472 0.029948 0.053241
0 0.556380 0.374306 0.027344 0.045833
2 0.608984 0.427546 0.034635 0.058796
3 0.497266 0.375694 0.036719 0.062500
3 0.682943 0.511343 0.037760 0.065278
1 0.482422 0.326620 0.029427 0.048611
2 0.693359 0.450694 0.034115 0.059722
0 0.504297 0.154861 0.026823 0.043056
2 0.534505 0.297454 0.034115 0.056944
0 0.747005 0.698380 0.027865 0.048611
0 0.632422 0.519213 0.027344 0.047685
2 0.461849 0.200694 0.033594 0.054167
0 0.637109 0.179167 0.026302 0.042593
3 0.666667 0.197454 0.035937 0.058796
1 0.573828 0.181250 0.028906 0.046759
1 0.649479 0.405787 0.028646 0.049537
1 0.723307 0.488194 0.029948 0.051389
1 0.676693 0.384491 0.029948 0.051389
2 0.723828 0.422917 0.034115 0.060648
1 0.764453 0.456713 0.028906 0.050463
2 0.641016 0.116898 0.033073 0.054167
