2 0.446484 0.857176 0.036198 0.062500
1 0.274089 0.492824 0.028385 0.050463
2 0.482422 0.577546 0.035156 0.059722
2 0.379557 0.622917 0.035156 0.059722
2 0.447266 0.499769 0.035156 0.057870
0 0.512630 0.678935 0.027865 0.048611
0 0.398568 0.403009 0.027865 0.045833
2 0.390755 0.531019 0.035156 0.058333
0 0.422005 0.377083 0.027344 0.045833
0 0.450130 0.566898 0.027865 0.048611
0 0.457422 0.369676 0.027865 0.044907
1 0.545703 0.416435 0.029948 0.050463
2 0.420703 0.607639 0.036198 0.060648
2 0.360286 0.469213 0.035156 0.058796
1 0.421745 0.547917 0.030469 0.053241
2 0.399870 0.471065 0.035156 0.058796
1 0.517318 0.386343 0.029427 0.048611
0 0.636589 0.799769 0.027865 0.048611
3 0.663151 0.684491 0.038802 0.066204
3 0.641016 0.629861 0.038802 0.065278
3 0.483464 0.265972 0.037760 0.061574
1 0.642318 0.739583 0.029948 0.054167
1 0.450651 0.228935 0.028385 0.046759
1 0.700130 0.548843 0.029948 0.052315
2 0.408464 0.329861 0.034115 0.056944
3 0.649609 0.522917 0.036719 0.064352
2 0.586458 0.339120 0.033854 0.058796
1 0.617057 0.344213 0.029948 0.049537
1 0.552734 0.315509 0.029427 0.049537
2 0.594401 0.146065 0.034115 0.054167
2 0.575911 0.256713 0.034115 0.056019
3 0.637370 0.239583 0.036719 0.060648
0 0.665755 0.571065 0.027865 0.047685
3 0.647526 0.430324 0.038281 0.064352
