0 0.430339 0.519213 0.027865 0.045833
3 0.338411 0.471991 0.037240 0.063426
3 0.402214 0.573380 0.037760 0.063426
3 0.401172 0.421991 0.037760 0.062500
2 0.591276 0.582639 0.035677 0.060648
0 0.619401 0.614583 0.027865 0.048611
0 0.339453 0.571528 0.027344 0.047685
1 0.262891 0.429398 0.027865 0.047685
3 0.405599 0.484028 0.037760 0.064352
1 0.592318 0.415509 0.029948 0.049537
1 0.492839 0.398843 0.029427 0.051389
0 0.385807 0.526620 0.027344 0.046759
0 0.422266 0.706713 0.027865 0.048611
3 0.624870 0.558565 0.038281 0.066204
1 0.481641 0.628472 0.029948 0.051389
2 0.657813 0.321991 0.033854 0.057870
1 0.566276 0.356713 0.029427 0.050463
2 0.683203 0.420602 0.034635 0.059722
2 0.695182 0.559954 0.034635 0.060648
1 0.557422 0.246991 0.029948 0.046759
1 0.446224 0.313194 0.029427 0.048611
2 0.675911 0.213657 0.033073 0.056019
2 0.523828 0.248843 0.034115 0.055093
3 0.685286 0.358565 0.037240 0.063426
2 0.688411 0.619213 0.035156 0.060648
2 0.725651 0.490509 0.034635 0.059722
1 0.603516 0.357639 0.029948 0.050463
0 0.815755 0.453009 0.026823 0.045833
1 0.668099 0.272917 0.028906 0.049537
0 0.743099 0.184954 0.026823 0.043981
