1 0.276172 0.708565 0.028906 0.051389
3 0.259245 0.609028 0.036198 0.064352
2 0.281380 0.434954 0.033073 0.056944
3 0.322786 0.559028 0.037240 0.064352
1 0.617057 0.717824 0.030990 0.054167
1 0.452995 0.622454 0.030469 0.052315
2 0.605078 0.660880 0.034635 0.063426
2 0.558984 0.669213 0.035156 0.062500
2 0.401172 0.683102 0.035677 0.060648
2 0.513151 0.402546 0.034635 0.058796
3 0.586849 0.543287 0.038281 0.066204
2 0.577734 0.812731 0.036198 0.063426
3 0.401432 0.553935 0.038281 0.064352
1 0.332161 0.367361 0.029427 0.050463
2 0.432943 0.726620 0.035677 0.061574
0 0.382161 0.428935 0.027344 0.045833
2 0.661589 0.898380 0.036719 0.062500
0 0.641276 0.747454 0.027865 0.047685
0 0.507161 0.209491 0.026823 0.043981
0 0.739974 0.650694 0.027865 0.048611
1 0.543359 0.334954 0.029427 0.048611
1 0.515495 0.163657 0.028385 0.045833
0 0.533203 0.228009 0.027865 0.043981
0 0.503776 0.296528 0.026823 0.044907
3 0.690365 0.251620 0.037500 0.061574
1 0.667318 0.290046 0.028385 0.048611
3 0.661849 0.346528 0.037240 0.062500
1 0.630859 0.321528 0.028906 0.049537
0 0.563932 0.290046 0.026823 0.044907
2 0.563802 0.221065 0.033854 0.055093
2 0.549609 0.169676 0.034115 0.053241
2 0.716536 0.299306 0.033594 0.056944
1 0.677474 0.194676 0.028385 0.048611
