3 0.467578 0.536343 0.037760 0.066204
3 0.658984 0.697454 0.039323 0.067130
2 0.582943 0.565972 0.035156 0.060648
2 0.386849 0.679398 0.035156 0.060648
3 0.563932 0.756713 0.039323 0.067130
3 0.483203 0.392824 0.038281 0.063426
2 0.476693 0.720602 0.035677 0.062500
2 0.382161 0.490972 0.035156 0.056944
2 0.572266 0.426620 0.034635 0.058796
2 0.671224 0.508102 0.034635 0.059722
2 0.491797 0.246065 0.034115 0.056019
2 0.677214 0.325231 0.034635 0.057870
2 0.580599 0.251157 0.034635 0.055093
0 0.177214 0.417824 0.037760 0.031019
