1 0.487370 0.496528 0.029427 0.050463
2 0.519661 0.501157 0.034635 0.060648
2 0.484766 0.655324 0.035156 0.062500
1 0.550651 0.485417 0.030469 0.051389
3 0.497526 0.560880 0.037760 0.065278
1 0.512109 0.728009 0.030990 0.054167
1 0.576172 0.716898 0.029948 0.053241
0 0.562891 0.421528 0.027865 0.046759
2 0.535286 0.402083 0.033594 0.061574
2 0.604557 0.574306 0.033594 0.061574
0 0.533724 0.695602 0.027344 0.047685
3 0.500651 0.390046 0.037760 0.063426
1 0.555859 0.612269 0.029427 0.051389
2 0.548568 0.744676 0.035156 0.061574
0 0.598307 0.628009 0.028385 0.047685
2 0.582682 0.487731 0.034635 0.060648
2 0.617839 0.471991 0.035677 0.060648
2 0.573307 0.659954 0.035156 0.060648
1 0.589974 0.419213 0.029427 0.050463
0 0.603255 0.378935 0.027865 0.045833
0 0.550130 0.561806 0.027865 0.047685
0 0.576432 0.553009 0.026302 0.048611
1 0.470703 0.413657 0.029948 0.051389
1 0.587891 0.321065 0.028906 0.048611
0 0.556641 0.354861 0.027344 0.044907
3 0.709505 0.503472 0.037760 0.065278
1 0.513151 0.330787 0.028906 0.049537
0 0.629818 0.381713 0.027865 0.046759
