0 0.493359 0.492824 0.027344 0.047685
1 0.412370 0.760880 0.029948 0.051389
1 0.547526 0.504861 0.028385 0.052315
2 0.407943 0.563657 0.035156 0.059722
2 0.523698 0.467361 0.034375 0.059722
3 0.403255 0.443287 0.037240 0.062500
2 0.383984 0.522454 0.034635 0.058796
3 0.367578 0.466898 0.038281 0.062500
0 0.416276 0.365509 0.026302 0.044907
1 0.564974 0.393287 0.029427 0.051389
0 0.491797 0.441435 0.027344 0.047685
1 0.520443 0.521065 0.029427 0.054167
2 0.500911 0.667824 0.035156 0.061574
0 0.447786 0.658102 0.027865 0.048611
3 0.597005 0.406713 0.037240 0.063426
1 0.643880 0.379861 0.029427 0.050463
3 0.667578 0.524306 0.038281 0.065278
1 0.542318 0.351157 0.029427 0.049537
0 0.443099 0.335417 0.027344 0.044907
1 0.509766 0.257639 0.028906 0.047685
2 0.615495 0.356250 0.033594 0.056944
2 0.576432 0.315046 0.034115 0.057870
2 0.657943 0.222454 0.033594 0.054167
1 0.548307 0.285880 0.028906 0.048611
1 0.563151 0.212269 0.028906 0.047685
2 0.678385 0.416898 0.034896 0.058796
0 0.638672 0.317361 0.026302 0.045833
0 0.643620 0.446991 0.027344 0.047685
0 0.682682 0.153472 0.026302 0.043981
