3 0.443099 0.603009 0.038281 0.066204
1 0.512370 0.481713 0.029427 0.050463
2 0.372266 0.727083 0.035677 0.060648
1 0.469141 0.534491 0.029948 0.052315
1 0.370182 0.586343 0.029948 0.052315
1 0.588151 0.388657 0.029427 0.050463
0 0.382682 0.437731 0.027344 0.046759
1 0.359766 0.525231 0.028906 0.051389
0 0.589974 0.610880 0.027865 0.049537
2 0.615755 0.575694 0.035677 0.061574
1 0.575391 0.478472 0.028385 0.051389
2 0.570833 0.657639 0.034896 0.061574
0 0.569141 0.579398 0.027865 0.046759
0 0.547005 0.430324 0.027344 0.045833
2 0.616536 0.489120 0.036198 0.059722
2 0.576953 0.337731 0.034635 0.056944
2 0.478255 0.364583 0.033594 0.056944
3 0.650391 0.528009 0.038281 0.065278
0 0.396745 0.340046 0.027865 0.044907
2 0.451693 0.278009 0.033594 0.055093
1 0.560286 0.290509 0.028906 0.048611
3 0.641016 0.142361 0.036198 0.058796
3 0.665104 0.307176 0.036979 0.060648
1 0.634245 0.241898 0.028906 0.049537
0 0.533203 0.311806 0.027344 0.044907
0 0.731120 0.419676 0.026823 0.046759
1 0.684766 0.188657 0.029427 0.047685
2 0.717969 0.178009 0.033333 0.054167
0 0.681771 0.264583 0.026562 0.046759
