1 0.272266 0.772454 0.029427 0.051389
2 0.388411 0.735417 0.035156 0.061574
0 0.281120 0.518287 0.027865 0.048611
0 0.254818 0.558102 0.026823 0.044907
1 0.290495 0.575694 0.029427 0.052315
2 0.327734 0.528935 0.034115 0.059722
3 0.315755 0.456250 0.035677 0.063426
1 0.345443 0.478472 0.029427 0.049537
1 0.474089 0.610880 0.030469 0.051389
2 0.410807 0.490046 0.034635 0.058796
0 0.383984 0.405787 0.027865 0.044907
2 0.373828 0.454398 0.035156 0.056944
2 0.447266 0.413194 0.034635 0.057870
1 0.575391 0.515046 0.029948 0.050463
3 0.606901 0.429398 0.037760 0.062500
0 0.549349 0.446528 0.027865 0.046759
3 0.542318 0.375694 0.037760 0.064352
2 0.467839 0.531713 0.035156 0.060648
0 0.584245 0.466435 0.027344 0.046759
0 0.610286 0.531250 0.027344 0.047685
2 0.576693 0.392361 0.034635 0.059722
3 0.465755 0.216898 0.037240 0.060648
3 0.693750 0.647917 0.038021 0.065278
1 0.706380 0.751620 0.029948 0.054167
0 0.610286 0.329398 0.026823 0.044907
2 0.573828 0.334491 0.034635 0.056944
2 0.749349 0.612500 0.034115 0.061111
2 0.547005 0.202083 0.034635 0.056019
3 0.677474 0.461806 0.037240 0.065278
2 0.644401 0.386806 0.034635 0.058796
0 0.677214 0.562269 0.028385 0.047685
1 0.546484 0.122454 0.028385 0.045833
1 0.595964 0.161806 0.028906 0.046759
2 0.578906 0.224306 0.033854 0.055093
