2 0.502474 0.434028 0.035156 0.059722
3 0.254818 0.545602 0.035677 0.064352
2 0.310026 0.719213 0.035677 0.060648
3 0.241797 0.475694 0.036198 0.061574
0 0.282682 0.473843 0.026823 0.045833
1 0.462370 0.541435 0.028906 0.052315
0 0.322005 0.460417 0.026823 0.045833
1 0.478776 0.733102 0.029948 0.052315
1 0.482161 0.589583 0.029948 0.053241
1 0.505859 0.489583 0.029948 0.051389
1 0.342057 0.421991 0.028906 0.050463
0 0.574609 0.437269 0.027344 0.047685
0 0.438151 0.417361 0.026823 0.045833
2 0.606120 0.502083 0.035156 0.060648
1 0.714453 0.650694 0.029948 0.053241
0 0.401693 0.269676 0.027344 0.043981
1 0.429818 0.281713 0.029427 0.046759
2 0.625781 0.551157 0.034375 0.060648
3 0.580859 0.116898 0.036198 0.058796
2 0.788672 0.672222 0.034115 0.059259
0 0.533203 0.330324 0.026823 0.045833
0 0.767839 0.632639 0.027344 0.048611
0 0.504297 0.331250 0.027865 0.045833
3 0.547266 0.225231 0.037240 0.060648
2 0.582943 0.189583 0.033594 0.055093
1 0.675651 0.587731 0.030469 0.052315
2 0.672266 0.291435 0.033594 0.056019
2 0.700651 0.073380 0.033073 0.053241
1 0.784245 0.152546 0.028385 0.045833
