1 0.481120 0.519676 0.029948 0.051389
0 0.562630 0.790972 0.027344 0.048611
3 0.408984 0.570139 0.037760 0.064352
1 0.514193 0.729861 0.030469 0.053241
1 0.403776 0.674769 0.029427 0.053241
2 0.299870 0.409491 0.034115 0.056019
1 0.424089 0.377083 0.030469 0.048611
2 0.445443 0.543287 0.035156 0.058796
0 0.389974 0.514120 0.027865 0.046759
1 0.541536 0.581250 0.029948 0.051389
2 0.341276 0.418287 0.034635 0.056944
0 0.421745 0.753472 0.027865 0.048611
0 0.338672 0.473380 0.027344 0.046759
0 0.407161 0.414120 0.027344 0.045833
1 0.592057 0.389120 0.030469 0.050463
0 0.693620 0.707639 0.027865 0.048611
2 0.499870 0.303935 0.034115 0.056944
3 0.626693 0.309028 0.037240 0.062500
3 0.684766 0.272454 0.036719 0.061574
1 0.561328 0.313194 0.029427 0.049537
2 0.810547 0.378704 0.033073 0.057407
3 0.766276 0.444213 0.036198 0.065278
2 0.589974 0.292361 0.034635 0.056944
1 0.829297 0.421991 0.027865 0.048611
2 0.629297 0.199769 0.034115 0.055093
1 0.732682 0.372454 0.028385 0.050463
2 0.768620 0.159954 0.033073 0.055093
0 0.737109 0.300694 0.026823 0.044907
0 0.757161 0.340972 0.026823 0.044907
