2 0.330339 0.550694 0.035156 0.058796
0 0.460807 0.485880 0.027344 0.047685
0 0.494401 0.802546 0.027865 0.048611
2 0.403776 0.740046 0.035677 0.060648
0 0.517578 0.490509 0.027344 0.046759
2 0.558984 0.680787 0.035677 0.061574
2 0.445312 0.787731 0.035417 0.061574
3 0.348568 0.416898 0.037240 0.062500
0 0.591276 0.504398 0.027865 0.046759
1 0.492057 0.359028 0.030469 0.051389
3 0.632682 0.753935 0.038281 0.067130
3 0.510807 0.139120 0.036198 0.058796
2 0.784766 0.665509 0.034115 0.061574
2 0.644661 0.387269 0.035156 0.058796
1 0.630599 0.625231 0.030469 0.053241
1 0.610026 0.160880 0.028906 0.046759
2 0.700651 0.565278 0.034115 0.061111
2 0.703255 0.116435 0.033073 0.052315
2 0.559245 0.317824 0.034635 0.058796
0 0.785026 0.372454 0.027344 0.044907
2 0.747526 0.342361 0.033594 0.058796
0 0.775391 0.275231 0.026302 0.045833
