3 0.267578 0.684491 0.036198 0.065278
0 0.411068 0.867361 0.027865 0.045833
1 0.369401 0.828472 0.029948 0.051389
1 0.280339 0.547454 0.028906 0.050463
2 0.344141 0.668287 0.034635 0.060648
0 0.461589 0.820139 0.028385 0.048611
2 0.539193 0.759491 0.034635 0.063426
0 0.539974 0.840972 0.027865 0.048611
0 0.504297 0.481250 0.027865 0.047685
0 0.576953 0.783565 0.028385 0.048611
3 0.546224 0.602083 0.038802 0.066204
0 0.473828 0.617824 0.028385 0.047685
0 0.552995 0.432176 0.027344 0.045833
2 0.414974 0.572454 0.035156 0.058796
1 0.576953 0.696065 0.029948 0.052315
2 0.485807 0.382407 0.034635 0.058333
1 0.650391 0.796991 0.030990 0.053241
0 0.436589 0.436806 0.027344 0.046759
2 0.649219 0.562731 0.034375 0.060648
3 0.611328 0.113657 0.036198 0.058796
0 0.657422 0.701157 0.027344 0.048611
1 0.654297 0.368750 0.029427 0.051389
2 0.453776 0.164583 0.034635 0.053241
2 0.521224 0.168750 0.034115 0.055093
0 0.714193 0.587269 0.027344 0.047685
2 0.592839 0.281250 0.034635 0.056944
2 0.710807 0.184028 0.033073 0.054167
2 0.727214 0.080787 0.033073 0.053241
2 0.736068 0.386343 0.033594 0.056944
