0 0.269141 0.678472 0.026302 0.047685
0 0.434245 0.841898 0.027344 0.049537
2 0.430859 0.781250 0.034635 0.062500
2 0.258724 0.542824 0.035156 0.062500
0 0.586328 0.812269 0.028906 0.049537
2 0.288411 0.753935 0.033073 0.061574
2 0.505339 0.543750 0.035156 0.061574
0 0.333724 0.474769 0.027865 0.044907
1 0.560547 0.697454 0.029948 0.053241
2 0.370443 0.614120 0.034635 0.061574
0 0.408724 0.585417 0.027344 0.046759
2 0.586589 0.567361 0.035156 0.060648
1 0.350651 0.569444 0.029427 0.050000
1 0.407943 0.526620 0.030469 0.052315
0 0.586328 0.720602 0.028385 0.047685
3 0.522005 0.464120 0.037240 0.064352
0 0.560807 0.396065 0.027865 0.045833
0 0.463151 0.432639 0.027344 0.046759
1 0.441016 0.525231 0.029948 0.052315
2 0.620443 0.608565 0.035156 0.061574
0 0.657161 0.699769 0.027865 0.048611
2 0.450911 0.303935 0.035156 0.056019
3 0.610026 0.362731 0.038281 0.063426
2 0.680859 0.462269 0.034115 0.059722
2 0.530599 0.311343 0.034635 0.056944
2 0.681641 0.313194 0.033594 0.057870
1 0.507943 0.186343 0.028385 0.046759
0 0.709245 0.355787 0.027344 0.045833
2 0.607422 0.211806 0.034115 0.055093
2 0.681901 0.206250 0.033594 0.055093
