2 0.525911 0.537731 0.034635 0.060648
3 0.314714 0.521065 0.037760 0.062500
1 0.352214 0.742824 0.029948 0.051389
1 0.377214 0.678009 0.029948 0.052315
1 0.486328 0.548843 0.029427 0.051389
2 0.514193 0.684954 0.035677 0.061574
0 0.580599 0.397454 0.027344 0.044907
2 0.337370 0.421065 0.034635 0.057870
0 0.550651 0.686806 0.028385 0.048611
1 0.411068 0.738194 0.029427 0.050463
3 0.456120 0.415046 0.037760 0.063426
0 0.591276 0.533565 0.027865 0.047685
1 0.426432 0.360417 0.029948 0.049537
1 0.557422 0.432639 0.029948 0.051389
3 0.557161 0.361343 0.038281 0.063426
1 0.508203 0.375694 0.030469 0.048611
2 0.503776 0.266435 0.034115 0.056019
0 0.624089 0.593750 0.027865 0.047685
0 0.557682 0.283565 0.026823 0.044907
0 0.680599 0.518750 0.027344 0.047685
1 0.646484 0.376157 0.030469 0.048611
3 0.670703 0.447917 0.037240 0.063426
2 0.496745 0.322917 0.034115 0.057870
0 0.660286 0.337269 0.027344 0.046759
2 0.625781 0.308102 0.034375 0.057870
0 0.565234 0.193287 0.026823 0.043056
1 0.684505 0.318287 0.028385 0.050463
2 0.746224 0.344676 0.032552 0.057870
