0 0.379818 0.828009 0.028385 0.047685
2 0.343099 0.378009 0.035156 0.057870
0 0.539193 0.521991 0.027865 0.047685
2 0.513672 0.587731 0.035677 0.060648
3 0.430078 0.361806 0.037760 0.063426
1 0.567839 0.651157 0.030469 0.052315
0 0.480339 0.724769 0.027865 0.048611
1 0.570703 0.393750 0.029948 0.049537
1 0.641927 0.821991 0.030729 0.052315
0 0.440234 0.575231 0.027865 0.047685
1 0.606901 0.537269 0.029948 0.052315
1 0.472005 0.546991 0.029948 0.050463
1 0.421224 0.503935 0.030469 0.050463
0 0.698568 0.680787 0.028385 0.048611
1 0.539974 0.353935 0.028906 0.048611
3 0.582682 0.294213 0.037240 0.061574
3 0.603516 0.357176 0.037760 0.062500
2 0.495443 0.345602 0.034635 0.057870
0 0.756641 0.645139 0.027865 0.048611
0 0.625911 0.164120 0.026302 0.043981
2 0.486068 0.199769 0.033594 0.054167
2 0.647135 0.242361 0.033333 0.056019
1 0.619141 0.262269 0.028906 0.049537
3 0.711328 0.258565 0.036198 0.062500
2 0.726693 0.404861 0.034115 0.059722
2 0.815755 0.368287 0.033073 0.057870
2 0.574609 0.160417 0.033594 0.053241
1 0.580859 0.231713 0.028906 0.049537
0 0.791276 0.398843 0.026823 0.044907
