2 0.497005 0.571991 0.040365 0.068981
3 0.514453 0.638194 0.037240 0.066204
2 0.548568 0.630787 0.035156 0.060648
0 0.564453 0.678009 0.028385 0.039352
3 0.537630 0.580787 0.033073 0.056019
3 0.569922 0.581250 0.037760 0.065278
2 0.595443 0.622454 0.039323 0.062500
0 0.585547 0.676620 0.027865 0.043056
2 0.539453 0.709954 0.036719 0.061574
2 0.547266 0.528935 0.036198 0.053241
2 0.510547 0.679398 0.036198 0.046759
0 0.552995 0.490972 0.027865 0.043981
2 0.567578 0.454861 0.035156 0.058796
2 0.609245 0.567361 0.035156 0.061574
0 0.525130 0.541435 0.022656 0.033796
2 0.750130 0.107176 0.032552 0.053241
2 0.582943 0.525231 0.035156 0.043056
