3 0.204557 0.437731 0.035677 0.061574
2 0.295182 0.561806 0.033073 0.058796
3 0.334505 0.671991 0.037240 0.065278
2 0.319922 0.614583 0.034635 0.060648
0 0.354036 0.807176 0.027344 0.047685
3 0.432682 0.512731 0.038281 0.064352
2 0.374870 0.606250 0.035156 0.060648
1 0.428516 0.852546 0.030990 0.055093
2 0.526953 0.785417 0.035677 0.062500
0 0.362891 0.423843 0.027344 0.046759
3 0.443620 0.763194 0.038802 0.066204
2 0.390495 0.397454 0.035156 0.056944
2 0.523177 0.682639 0.034375 0.061574
1 0.555859 0.625231 0.029948 0.053241
0 0.527734 0.623380 0.027344 0.048611
3 0.760807 0.709491 0.038281 0.065278
1 0.644922 0.758565 0.029948 0.053241
2 0.627995 0.549306 0.034635 0.060648
0 0.683464 0.666898 0.027865 0.048611
1 0.621745 0.420602 0.029427 0.050463
0 0.781641 0.666898 0.027344 0.047685
2 0.496484 0.447917 0.035156 0.059722
1 0.488932 0.329398 0.029948 0.049537
2 0.737630 0.526157 0.034115 0.060648
0 0.457682 0.124306 0.026302 0.043056
1 0.697266 0.358565 0.029427 0.049537
0 0.507422 0.159028 0.026823 0.042130
1 0.691797 0.431713 0.028906 0.051389
1 0.570964 0.151157 0.028906 0.045833
3 0.601172 0.238657 0.037240 0.061574
2 0.772005 0.614120 0.034115 0.061574
1 0.716536 0.404861 0.029427 0.051389
2 0.723047 0.203009 0.033594 0.056019
