0 0.480859 0.468750 0.026302 0.046759
3 0.560026 0.496528 0.037240 0.065278
2 0.551953 0.683565 0.034115 0.060648
2 0.453516 0.577083 0.035677 0.060648
2 0.488932 0.660417 0.034635 0.062500
3 0.412109 0.541435 0.037760 0.065278
2 0.593880 0.620370 0.034115 0.062037
2 0.399089 0.668287 0.035156 0.061574
2 0.532422 0.437731 0.034635 0.058796
2 0.519401 0.610880 0.034635 0.060648
0 0.533724 0.528009 0.027344 0.047685
2 0.557682 0.585417 0.035156 0.060648
1 0.422526 0.614583 0.029427 0.050463
2 0.611849 0.484954 0.034635 0.060648
3 0.691797 0.570602 0.037240 0.066204
0 0.471745 0.373843 0.027344 0.046759
2 0.491276 0.414583 0.034635 0.058796
1 0.604297 0.352546 0.029427 0.049537
2 0.563672 0.335880 0.034635 0.058796
