1 0.204036 0.557639 0.028906 0.049537
2 0.271745 0.740972 0.034115 0.060648
1 0.232161 0.571991 0.029427 0.050463
2 0.280078 0.387269 0.032552 0.058796
0 0.268620 0.677546 0.026302 0.046759
2 0.313672 0.608565 0.034635 0.059722
0 0.349349 0.594676 0.027865 0.047685
1 0.450911 0.424769 0.029427 0.049537
0 0.519661 0.559491 0.028385 0.046759
1 0.580599 0.613657 0.029948 0.052315
1 0.382812 0.299537 0.029687 0.050000
0 0.409505 0.257176 0.026823 0.044907
3 0.550911 0.318287 0.037240 0.062500
1 0.701172 0.588657 0.028906 0.053241
2 0.569141 0.207639 0.034635 0.054167
2 0.704557 0.485880 0.033594 0.060648
2 0.623047 0.144676 0.034115 0.052315
0 0.724609 0.563194 0.026823 0.046759
3 0.569922 0.265509 0.036719 0.062500
3 0.691797 0.315046 0.037240 0.062500
0 0.678776 0.450231 0.027344 0.047685
0 0.662891 0.489583 0.027344 0.046759
2 0.642318 0.342824 0.034635 0.058796
1 0.610026 0.212269 0.029427 0.048611
0 0.672786 0.357639 0.027344 0.047685
2 0.735938 0.513194 0.034375 0.059722
1 0.716016 0.270602 0.029427 0.051389
3 0.669661 0.137269 0.036198 0.058796
1 0.735807 0.229398 0.028385 0.047685
