3 0.316797 0.762731 0.037240 0.064352
3 0.498307 0.425694 0.037760 0.064352
1 0.554427 0.531250 0.029687 0.050463
0 0.332682 0.668750 0.027865 0.048611
1 0.452734 0.548380 0.029427 0.052315
2 0.324349 0.565509 0.034635 0.059722
2 0.361589 0.650694 0.034115 0.061574
0 0.480339 0.576157 0.027865 0.047685
1 0.391276 0.684028 0.028906 0.052315
0 0.337370 0.506713 0.027344 0.046759
2 0.579818 0.443287 0.035156 0.059722
0 0.561328 0.484491 0.027865 0.046759
1 0.540755 0.589583 0.030469 0.052315
1 0.459766 0.636806 0.030469 0.051389
0 0.432682 0.404398 0.027865 0.046759
3 0.589974 0.382639 0.037760 0.063426
2 0.462370 0.352546 0.034635 0.056944
0 0.469922 0.303009 0.027344 0.044907
3 0.644922 0.501157 0.037760 0.064352
0 0.528516 0.354861 0.027344 0.045833
2 0.648568 0.434954 0.033594 0.060648
1 0.632161 0.379630 0.028906 0.050926
2 0.555599 0.315046 0.033594 0.056944
2 0.655078 0.170602 0.033594 0.054167
1 0.704557 0.446065 0.029427 0.050463
0 0.697005 0.273148 0.026823 0.045370
1 0.688672 0.207407 0.028385 0.048148
2 0.783464 0.299769 0.033073 0.056019
1 0.684896 0.115046 0.027604 0.046759
