3 0.517318 0.498843 0.038281 0.066204
3 0.284245 0.633102 0.036719 0.065278
0 0.360807 0.735417 0.027344 0.047685
1 0.309766 0.560880 0.028906 0.050463
2 0.310286 0.432176 0.034115 0.056944
3 0.597266 0.500231 0.037760 0.065278
1 0.513151 0.659491 0.029948 0.050463
2 0.564193 0.385880 0.034115 0.059722
0 0.459505 0.773843 0.027344 0.049537
1 0.428776 0.390046 0.029948 0.049537
2 0.404036 0.422917 0.035156 0.058796
0 0.557943 0.538194 0.027344 0.047685
1 0.432422 0.507639 0.029948 0.049537
1 0.358724 0.442361 0.029948 0.050463
2 0.543099 0.451157 0.035677 0.059722
1 0.379557 0.481713 0.029948 0.048611
2 0.598828 0.419676 0.033594 0.059722
2 0.550130 0.602083 0.034115 0.061574
1 0.482682 0.371991 0.029948 0.050463
2 0.424870 0.299306 0.033594 0.056944
2 0.405859 0.353009 0.034115 0.056944
3 0.641536 0.499769 0.037760 0.064352
0 0.439193 0.345602 0.026823 0.045833
2 0.587109 0.312269 0.034635 0.057870
3 0.657422 0.431250 0.037240 0.064352
1 0.625130 0.448843 0.029948 0.051389
1 0.722786 0.524769 0.029427 0.051389
0 0.508984 0.140509 0.026302 0.043056
0 0.460026 0.305787 0.026823 0.043981
2 0.615755 0.358102 0.035156 0.056944
3 0.691276 0.254861 0.036719 0.061574
2 0.626693 0.241435 0.034115 0.056944
0 0.732422 0.331250 0.026302 0.046759
