3 0.433203 0.505324 0.037760 0.063426
2 0.341016 0.717824 0.034635 0.059722
2 0.360026 0.626157 0.034635 0.060648
3 0.393620 0.459028 0.038281 0.061574
1 0.322526 0.575231 0.029427 0.051389
0 0.308984 0.459028 0.026302 0.044907
2 0.286068 0.429861 0.033073 0.056019
1 0.444661 0.793750 0.029948 0.051389
0 0.549349 0.704861 0.027865 0.047685
3 0.540234 0.625694 0.037760 0.064352
0 0.392839 0.587269 0.026823 0.048611
0 0.568880 0.434954 0.027344 0.046759
3 0.522786 0.510880 0.037760 0.065278
0 0.382682 0.542361 0.026823 0.045833
1 0.451953 0.428935 0.029948 0.050463
3 0.552734 0.386806 0.037760 0.063426
1 0.448047 0.344213 0.030469 0.048611
0 0.382682 0.349769 0.027344 0.044907
1 0.698568 0.463194 0.029948 0.050463
1 0.639714 0.582176 0.029948 0.051389
1 0.656641 0.335880 0.028906 0.050463
1 0.635677 0.396528 0.029687 0.050463
0 0.687891 0.294676 0.026823 0.045833
1 0.651172 0.445602 0.029427 0.051389
2 0.689193 0.345602 0.033594 0.057870
2 0.686068 0.403009 0.034115 0.057870
3 0.723307 0.308102 0.037240 0.061574
2 0.620964 0.327083 0.034115 0.056944
2 0.719922 0.385880 0.034635 0.058796
2 0.728255 0.146991 0.033594 0.054167
