1 0.258984 0.514120 0.029427 0.048611
2 0.354297 0.766898 0.035156 0.061574
1 0.519922 0.457639 0.030469 0.050463
3 0.358464 0.497917 0.037760 0.064352
2 0.245182 0.432870 0.032552 0.057407
3 0.320703 0.520139 0.037240 0.062500
1 0.458464 0.515509 0.029948 0.050463
0 0.351953 0.426620 0.027344 0.046759
1 0.481120 0.714583 0.029948 0.053241
0 0.369661 0.557176 0.027344 0.046759
0 0.543359 0.400231 0.027865 0.046759
0 0.454557 0.358565 0.027344 0.044907
0 0.483464 0.409954 0.027344 0.046759
1 0.420182 0.469213 0.029427 0.049537
3 0.524349 0.174769 0.036198 0.059722
2 0.664844 0.500231 0.034375 0.059722
0 0.423307 0.349306 0.027344 0.044907
0 0.402214 0.271065 0.027344 0.043981
2 0.694792 0.429398 0.034896 0.059722
1 0.647786 0.575231 0.030469 0.051389
1 0.492839 0.100231 0.028385 0.046759
2 0.530339 0.084954 0.033073 0.052315
3 0.610807 0.317361 0.037760 0.062500
1 0.681641 0.598843 0.029427 0.052315
1 0.602995 0.116898 0.028385 0.046759
2 0.663542 0.386343 0.033854 0.058796
2 0.656120 0.254861 0.033594 0.056944
0 0.661328 0.437731 0.027344 0.047685
2 0.582161 0.189583 0.033594 0.054167
0 0.175130 0.419676 0.030990 0.034722
