0 0.290625 0.616435 0.027083 0.045833
1 0.322526 0.636806 0.029427 0.050463
2 0.325651 0.537269 0.034635 0.059722
3 0.399870 0.369676 0.037760 0.063426
3 0.407682 0.432176 0.037760 0.062500
1 0.514714 0.610880 0.030990 0.052315
3 0.290885 0.532176 0.036979 0.064352
2 0.407422 0.602546 0.035156 0.060648
1 0.309245 0.403472 0.028385 0.048611
2 0.397786 0.504861 0.035677 0.058796
0 0.466276 0.687731 0.027865 0.048611
3 0.443620 0.455787 0.037760 0.065278
1 0.571224 0.673380 0.029427 0.052315
1 0.544401 0.600231 0.030990 0.052315
2 0.523307 0.384491 0.034635 0.058796
2 0.433984 0.348380 0.034635 0.057870
0 0.456901 0.403472 0.027865 0.045833
2 0.592057 0.453935 0.034635 0.058796
3 0.650651 0.398843 0.037240 0.064352
1 0.486328 0.291435 0.029427 0.048611
2 0.666276 0.477546 0.033594 0.058796
0 0.681120 0.570139 0.027344 0.048611
1 0.691016 0.388194 0.029948 0.049537
0 0.677474 0.428009 0.026823 0.044907
3 0.704297 0.479861 0.037240 0.065278
2 0.670703 0.345139 0.034635 0.057870
0 0.536589 0.159491 0.027344 0.043056
2 0.726693 0.226620 0.033594 0.055093
2 0.706901 0.343750 0.034635 0.057870
0 0.591016 0.213657 0.026302 0.043056
2 0.740495 0.453472 0.034635 0.059722
1 0.663932 0.271528 0.029427 0.048611
1 0.810026 0.350231 0.028385 0.048611
2 0.698307 0.167824 0.033073 0.055093
