3 0.483203 0.566898 0.037760 0.066204
2 0.540495 0.587269 0.035156 0.060648
2 0.300911 0.552083 0.034635 0.057870
0 0.308724 0.638657 0.025781 0.047685
3 0.434245 0.539583 0.037760 0.065278
1 0.487630 0.503935 0.029948 0.051389
0 0.481641 0.740509 0.027865 0.048611
1 0.580599 0.557176 0.029948 0.051389
1 0.540495 0.483565 0.029948 0.051389
3 0.607943 0.407639 0.037760 0.063426
0 0.603516 0.478935 0.027344 0.047685
1 0.561589 0.337731 0.028906 0.049537
3 0.518359 0.261343 0.036719 0.061574
2 0.552734 0.249306 0.034635 0.056944
1 0.587109 0.363657 0.029948 0.049537
1 0.715495 0.357176 0.028906 0.049537
1 0.485286 0.211806 0.028906 0.047685
2 0.542578 0.161806 0.033073 0.053241
2 0.646224 0.528935 0.035156 0.060648
1 0.497786 0.334954 0.029427 0.049537
2 0.642839 0.354398 0.034635 0.059722
0 0.569922 0.145602 0.026302 0.043056
0 0.528516 0.357639 0.026823 0.045833
0 0.675781 0.218750 0.026562 0.043981
3 0.588672 0.267824 0.036719 0.060648
1 0.501172 0.167824 0.028385 0.047685
2 0.601172 0.090509 0.033073 0.052315
0 0.659896 0.419213 0.027604 0.045833
3 0.649870 0.135880 0.036719 0.058796
2 0.744661 0.245139 0.033073 0.056944
