2 0.237109 0.731713 0.032552 0.059722
3 0.268880 0.753009 0.037760 0.065278
2 0.280339 0.547917 0.033594 0.057870
0 0.249349 0.681713 0.025260 0.048611
2 0.253776 0.515509 0.033073 0.058796
0 0.231641 0.551620 0.025781 0.045833
0 0.226953 0.497454 0.026823 0.049537
1 0.527995 0.547454 0.030469 0.052315
0 0.612370 0.415046 0.026823 0.046759
1 0.719141 0.616435 0.029948 0.052315
0 0.542578 0.249769 0.026302 0.045833
2 0.587630 0.325231 0.034115 0.056944
3 0.547526 0.188194 0.036719 0.060648
3 0.645703 0.186806 0.036719 0.058796
0 0.435807 0.279398 0.027344 0.044907
1 0.515755 0.294676 0.028906 0.048611
0 0.542318 0.300694 0.025781 0.045833
2 0.709505 0.529861 0.034115 0.061574
1 0.567578 0.283565 0.028906 0.047685
2 0.680859 0.351157 0.034115 0.058796
3 0.691016 0.477083 0.037760 0.065278
0 0.647266 0.380324 0.027344 0.045833
1 0.591016 0.253472 0.029427 0.047685
0 0.630339 0.233102 0.026823 0.043981
2 0.730859 0.252083 0.033594 0.056944
1 0.677865 0.406713 0.029687 0.050463
1 0.782813 0.331250 0.028646 0.047685
1 0.739453 0.304861 0.028906 0.047685
