3 0.264974 0.588657 0.035677 0.063426
2 0.307943 0.602083 0.034635 0.059722
3 0.588672 0.428935 0.037240 0.063426
2 0.347786 0.639120 0.035156 0.059722
0 0.327995 0.469213 0.026823 0.045833
2 0.355339 0.562731 0.033594 0.060648
1 0.554557 0.431713 0.029948 0.050463
1 0.445443 0.848380 0.029948 0.053241
0 0.381641 0.588194 0.026823 0.047685
3 0.506641 0.405787 0.037240 0.063426
1 0.360286 0.414583 0.029948 0.048611
0 0.399609 0.504398 0.027865 0.047685
2 0.467318 0.395139 0.034635 0.057870
0 0.607812 0.492824 0.027083 0.046759
1 0.547005 0.635880 0.030469 0.051389
2 0.623307 0.447454 0.034635 0.059722
1 0.525911 0.360417 0.029427 0.050463
0 0.420964 0.336343 0.026823 0.043981
0 0.459245 0.343287 0.027344 0.045833
1 0.477734 0.208102 0.027865 0.046759
3 0.758724 0.539583 0.037240 0.066204
2 0.662109 0.279861 0.033594 0.056019
1 0.508203 0.258102 0.029948 0.048611
0 0.681120 0.238194 0.026823 0.044907
1 0.628516 0.246528 0.028906 0.047685
0 0.743359 0.271065 0.026302 0.044907
2 0.704297 0.270602 0.033073 0.056944
1 0.647526 0.409491 0.030469 0.050463
2 0.686979 0.336343 0.032813 0.056944
