3 0.513151 0.440509 0.038281 0.063426
0 0.261068 0.696065 0.026823 0.047685
3 0.555078 0.616898 0.038802 0.065278
2 0.470964 0.632176 0.035677 0.059722
0 0.523828 0.718519 0.027344 0.048148
1 0.551953 0.682176 0.030469 0.054167
0 0.593359 0.592361 0.028385 0.048611
2 0.552214 0.553472 0.034635 0.061574
1 0.467839 0.426620 0.029948 0.048611
2 0.370182 0.512731 0.034115 0.058796
3 0.519922 0.581713 0.037760 0.065278
0 0.464974 0.379861 0.026823 0.046759
2 0.393880 0.440046 0.035156 0.057870
1 0.570443 0.392824 0.029948 0.049537
2 0.517578 0.503472 0.035156 0.059722
2 0.488151 0.542824 0.035677 0.061574
1 0.447266 0.253009 0.027865 0.049537
1 0.505859 0.380787 0.027865 0.046759
1 0.754297 0.639583 0.029948 0.052315
1 0.489453 0.255787 0.029427 0.047685
3 0.655078 0.267361 0.037240 0.061574
1 0.689974 0.488657 0.029948 0.051389
2 0.466797 0.311343 0.034635 0.056944
0 0.599870 0.200231 0.027344 0.043056
0 0.622266 0.232176 0.027344 0.043981
0 0.684766 0.306250 0.026823 0.045833
1 0.697266 0.257639 0.028385 0.049537
2 0.719141 0.313657 0.033594 0.056019
1 0.725000 0.260417 0.027604 0.047685
