0 0.504036 0.451852 0.027865 0.047222
2 0.444661 0.441435 0.034635 0.058796
1 0.413151 0.536343 0.029948 0.052315
0 0.365234 0.443750 0.027344 0.045833
2 0.589063 0.572917 0.034896 0.059722
1 0.424089 0.387731 0.029427 0.049537
2 0.446484 0.323843 0.034115 0.057870
2 0.645703 0.604398 0.035156 0.062500
1 0.630859 0.752546 0.030990 0.053241
2 0.736589 0.688194 0.034115 0.062500
1 0.733724 0.632176 0.029948 0.052315
0 0.475911 0.339583 0.027344 0.045833
3 0.481641 0.412731 0.037240 0.062500
0 0.467318 0.221528 0.026302 0.044907
3 0.723307 0.471991 0.037760 0.065278
1 0.523047 0.278935 0.028906 0.048611
2 0.718880 0.321065 0.033594 0.057870
1 0.628255 0.278935 0.029427 0.049537
1 0.723828 0.374769 0.028906 0.050463
2 0.686328 0.349769 0.033073 0.057870
2 0.686328 0.275463 0.033594 0.056481
0 0.595182 0.193750 0.026302 0.044907
3 0.661068 0.129861 0.035677 0.057870
3 0.594661 0.041435 0.035677 0.056944
0 0.726432 0.165046 0.025781 0.043056
0 0.666276 0.083102 0.025781 0.042130
0 0.753776 0.235417 0.026823 0.043981
1 0.772786 0.284028 0.027865 0.047685
1 0.698828 0.182176 0.027865 0.046759
