2 0.292057 0.817824 0.033594 0.061574
2 0.332682 0.743750 0.034635 0.059722
3 0.516016 0.587269 0.037760 0.066204
1 0.391276 0.826620 0.029427 0.053241
3 0.372266 0.696065 0.038281 0.065278
2 0.513672 0.466435 0.035677 0.058796
1 0.300911 0.368287 0.029948 0.049537
1 0.376432 0.474769 0.029427 0.049537
2 0.570182 0.696991 0.035677 0.063426
2 0.374870 0.529861 0.035156 0.059722
2 0.556120 0.640046 0.035677 0.061574
2 0.356641 0.413194 0.034635 0.056944
1 0.471484 0.655324 0.030469 0.051389
0 0.425651 0.691898 0.027865 0.048611
3 0.467318 0.440972 0.038281 0.063426
3 0.584505 0.431250 0.038281 0.064352
0 0.464974 0.384954 0.026823 0.045833
1 0.576693 0.557176 0.030469 0.052315
0 0.408203 0.484954 0.026823 0.047685
1 0.506901 0.323843 0.028906 0.048611
3 0.461328 0.172454 0.036719 0.059722
2 0.536849 0.338657 0.034635 0.056944
1 0.476953 0.267824 0.028385 0.047685
0 0.628516 0.536343 0.027865 0.047685
3 0.622786 0.266435 0.037240 0.061574
1 0.632422 0.320139 0.029948 0.047685
0 0.547786 0.290509 0.027344 0.044907
0 0.669271 0.578009 0.027083 0.047685
0 0.520443 0.144213 0.026302 0.043056
2 0.507943 0.257176 0.033594 0.056019
2 0.700260 0.468750 0.034375 0.059722
2 0.657422 0.265278 0.034115 0.057407
1 0.687370 0.287269 0.027344 0.047685
