0 0.523047 0.436343 0.027344 0.046759
2 0.264974 0.414120 0.033073 0.057870
2 0.488411 0.503935 0.035156 0.058796
0 0.285026 0.466898 0.026823 0.044907
3 0.462630 0.441435 0.037760 0.063426
2 0.492318 0.398380 0.033594 0.058796
0 0.383984 0.461343 0.027344 0.045833
1 0.551953 0.426620 0.029948 0.050463
1 0.572786 0.494213 0.029948 0.051389
0 0.571484 0.545602 0.027344 0.047685
1 0.417839 0.263657 0.029427 0.047685
1 0.656380 0.553935 0.029427 0.051389
3 0.498828 0.106713 0.036198 0.057870
0 0.477214 0.241898 0.026302 0.044907
1 0.613281 0.322917 0.029687 0.048611
2 0.484766 0.289583 0.034635 0.056944
2 0.710026 0.300231 0.032552 0.056944
3 0.792318 0.282176 0.035156 0.061574
1 0.582682 0.275231 0.028906 0.047685
2 0.573307 0.071991 0.033073 0.052315
2 0.486589 0.048380 0.033594 0.052315
2 0.742318 0.290972 0.033594 0.056019
3 0.677214 0.281713 0.035677 0.061574
1 0.633464 0.277546 0.028906 0.048611
1 0.685547 0.223843 0.028906 0.048611
0 0.719401 0.349769 0.026823 0.044907
0 0.707682 0.190046 0.026302 0.042130
0 0.711198 0.248843 0.027083 0.043056
1 0.681120 0.166435 0.028385 0.047685
