1 0.362891 0.831713 0.029948 0.051389
1 0.593880 0.675694 0.030469 0.053241
0 0.556901 0.523843 0.027344 0.047685
1 0.362891 0.587269 0.029948 0.050463
2 0.479036 0.725694 0.036198 0.062500
3 0.450911 0.818287 0.038281 0.067130
1 0.619922 0.796528 0.029948 0.055093
0 0.476693 0.594676 0.027865 0.048611
2 0.591276 0.556250 0.035156 0.060648
3 0.544922 0.701620 0.038281 0.067130
3 0.506901 0.621065 0.038802 0.067130
0 0.430599 0.561343 0.026823 0.046759
0 0.575391 0.725231 0.027865 0.048611
1 0.556901 0.453935 0.030469 0.050463
1 0.417578 0.392824 0.030469 0.048611
1 0.441797 0.665509 0.029948 0.052315
2 0.628255 0.727083 0.035156 0.062500
1 0.673828 0.693287 0.030469 0.053241
0 0.524349 0.451157 0.027344 0.046759
1 0.611328 0.502083 0.028906 0.050463
2 0.651693 0.536343 0.034635 0.059722
3 0.745964 0.491898 0.036719 0.064352
2 0.637109 0.358102 0.034635 0.058796
2 0.683464 0.308102 0.033594 0.056019
0 0.668099 0.475231 0.027344 0.046759
0 0.649870 0.289583 0.026823 0.044907
2 0.707422 0.263657 0.034115 0.057870
0 0.700651 0.186806 0.026823 0.043056
