0 0.277214 0.635880 0.027344 0.047685
1 0.284505 0.540972 0.029427 0.049537
2 0.299870 0.591435 0.034115 0.060648
1 0.290755 0.700694 0.029427 0.051389
2 0.347526 0.584028 0.034635 0.059722
0 0.469141 0.644213 0.027865 0.047685
0 0.365495 0.625694 0.027865 0.047685
1 0.381120 0.571991 0.031510 0.051389
0 0.407161 0.691898 0.027344 0.047685
1 0.345573 0.523843 0.029687 0.051389
3 0.380859 0.514120 0.038281 0.064352
2 0.545182 0.409028 0.034115 0.057870
3 0.424349 0.560417 0.037760 0.065278
1 0.575651 0.365972 0.028385 0.050463
2 0.383984 0.311343 0.034635 0.057870
2 0.700130 0.398380 0.034115 0.058796
3 0.546484 0.341898 0.037760 0.063426
2 0.506380 0.128009 0.033594 0.053241
2 0.670703 0.213657 0.034115 0.056019
1 0.692839 0.522917 0.029948 0.051389
2 0.661589 0.527083 0.034115 0.060648
0 0.725130 0.372454 0.026302 0.044907
0 0.484766 0.097917 0.026302 0.042130
3 0.634505 0.118056 0.035677 0.057407
1 0.751693 0.356250 0.027865 0.048611
1 0.719141 0.440509 0.028906 0.050463
1 0.526693 0.084954 0.028385 0.045833
0 0.741276 0.412731 0.026823 0.046759
0 0.743880 0.462731 0.026302 0.045833
