2 0.448828 0.596065 0.035156 0.060648
2 0.356250 0.676157 0.035937 0.061574
2 0.333724 0.722454 0.035156 0.060648
3 0.392057 0.503472 0.038281 0.063426
3 0.557682 0.750231 0.038802 0.066204
3 0.551432 0.665972 0.038802 0.066204
1 0.394401 0.632176 0.032031 0.051389
2 0.432682 0.541435 0.034635 0.059722
0 0.317839 0.509028 0.027344 0.044907
2 0.433464 0.664583 0.035677 0.060648
2 0.459766 0.495602 0.035677 0.059722
1 0.378776 0.583565 0.029427 0.050463
2 0.477734 0.684028 0.034635 0.063426
3 0.457161 0.415046 0.037760 0.063426
1 0.588151 0.532176 0.030469 0.053241
3 0.642839 0.683565 0.037760 0.068056
1 0.621224 0.548843 0.028906 0.052315
2 0.477214 0.549074 0.035156 0.061111
2 0.635547 0.614120 0.034115 0.060648
2 0.679036 0.680787 0.035156 0.061574
0 0.654557 0.505324 0.026823 0.047685
3 0.731380 0.632176 0.038281 0.066204
1 0.658724 0.750231 0.029948 0.053241
2 0.709505 0.580324 0.034115 0.060648
1 0.657422 0.553472 0.029427 0.049537
0 0.687370 0.535880 0.027344 0.046759
0 0.404297 0.314120 0.025781 0.044907
0 0.436068 0.328009 0.026302 0.044907
1 0.475391 0.316435 0.028906 0.049537
1 0.579818 0.228472 0.029427 0.047685
0 0.648307 0.399306 0.026302 0.046759
1 0.712370 0.260880 0.029427 0.049537
2 0.739453 0.420139 0.034635 0.057870
