3 0.232292 0.413657 0.035417 0.059722
2 0.265495 0.383565 0.033594 0.056019
0 0.553255 0.469213 0.027344 0.047685
0 0.557161 0.521065 0.027344 0.047685
0 0.566276 0.579861 0.027865 0.046759
0 0.501953 0.584028 0.027865 0.047685
3 0.363411 0.665046 0.037760 0.065278
1 0.580078 0.493287 0.030469 0.051389
1 0.512109 0.680324 0.030990 0.053241
1 0.448307 0.725231 0.030990 0.053241
0 0.590104 0.542361 0.027083 0.047685
2 0.440495 0.509954 0.035156 0.059722
2 0.579818 0.410880 0.034635 0.059722
1 0.446484 0.250694 0.029427 0.048611
3 0.663932 0.548380 0.038281 0.065278
1 0.747266 0.708102 0.029948 0.053241
1 0.478255 0.221065 0.029427 0.047685
2 0.474870 0.274306 0.034635 0.056944
0 0.512891 0.216898 0.026302 0.043981
0 0.667839 0.629398 0.027865 0.048611
2 0.526432 0.529861 0.035156 0.060648
3 0.654557 0.178009 0.036719 0.059722
1 0.546484 0.220602 0.029427 0.047685
0 0.695703 0.419213 0.027865 0.046759
2 0.660286 0.365509 0.034635 0.058796
1 0.722266 0.273380 0.028385 0.048611
2 0.686068 0.301620 0.033073 0.058796
2 0.755339 0.257639 0.033594 0.056019
1 0.774349 0.212731 0.027865 0.048611
