2 0.267318 0.809954 0.033073 0.060648
0 0.312109 0.849769 0.026823 0.048611
2 0.432943 0.859491 0.035677 0.061574
3 0.325911 0.770139 0.037240 0.065278
2 0.259505 0.581713 0.032031 0.058796
0 0.622786 0.659954 0.027344 0.047685
2 0.557422 0.584491 0.035677 0.060648
2 0.592839 0.826157 0.034635 0.061574
2 0.509505 0.690509 0.035677 0.061574
1 0.516016 0.481250 0.029948 0.051389
2 0.418880 0.447454 0.035156 0.060648
0 0.438672 0.555324 0.027344 0.047685
0 0.612370 0.424306 0.027344 0.046759
2 0.744661 0.665509 0.034635 0.062500
3 0.482943 0.213657 0.037240 0.059722
2 0.648047 0.508102 0.035156 0.059722
1 0.635807 0.399306 0.028906 0.051389
2 0.532682 0.311343 0.034115 0.057870
0 0.682161 0.634028 0.027344 0.047685
2 0.666276 0.189120 0.033594 0.054167
3 0.741536 0.422685 0.036719 0.063889
2 0.746615 0.306250 0.033333 0.056944
0 0.680599 0.137731 0.026302 0.043056
2 0.568880 0.151620 0.033594 0.054167
1 0.606641 0.229861 0.029427 0.047685
0 0.728516 0.200231 0.026302 0.043056
