3 0.299349 0.749769 0.037240 0.065278
2 0.258594 0.538657 0.033333 0.057870
0 0.517318 0.423843 0.026823 0.046759
3 0.288672 0.616898 0.036719 0.065278
2 0.440495 0.543750 0.035156 0.060648
1 0.357031 0.715509 0.030208 0.053241
1 0.450911 0.618750 0.031510 0.052315
2 0.382943 0.683102 0.035677 0.061574
1 0.530339 0.530787 0.029948 0.052315
0 0.482943 0.450231 0.026823 0.047685
1 0.349089 0.370139 0.030469 0.047685
1 0.541406 0.690972 0.029687 0.052315
1 0.469661 0.395602 0.030469 0.050463
0 0.583464 0.490509 0.027865 0.046759
1 0.593099 0.535417 0.029427 0.050463
0 0.591797 0.617361 0.027344 0.047685
2 0.572005 0.338194 0.034115 0.056944
0 0.437109 0.179398 0.026302 0.043056
3 0.462630 0.246065 0.037240 0.061574
0 0.547786 0.272454 0.027344 0.044907
0 0.485547 0.142361 0.026823 0.042130
0 0.626172 0.468287 0.027865 0.047685
2 0.568620 0.134491 0.033594 0.054167
2 0.719661 0.320139 0.034115 0.057870
3 0.760286 0.384491 0.036719 0.063426
2 0.674609 0.038194 0.033073 0.052315
1 0.809766 0.446065 0.028385 0.050463
1 0.750260 0.327083 0.028646 0.049537
2 0.689974 0.168981 0.032552 0.054630
