0 0.458984 0.465509 0.026823 0.046759
3 0.544661 0.486343 0.038281 0.065278
2 0.425651 0.511343 0.036198 0.058796
1 0.319922 0.664583 0.028906 0.051389
0 0.483724 0.432639 0.027865 0.045833
2 0.465234 0.549769 0.035156 0.061574
2 0.452474 0.664120 0.036719 0.060648
0 0.494010 0.717824 0.027604 0.048611
3 0.454557 0.728009 0.038802 0.066204
2 0.367318 0.366898 0.035156 0.056944
2 0.527995 0.656713 0.035156 0.061574
2 0.487109 0.665509 0.034635 0.062500
0 0.484505 0.505324 0.027344 0.047685
1 0.547005 0.403472 0.029948 0.050463
2 0.391536 0.320139 0.034635 0.056944
3 0.745964 0.578935 0.037760 0.065278
2 0.624219 0.330787 0.033333 0.056944
3 0.673828 0.479398 0.036719 0.063426
0 0.508724 0.323380 0.026823 0.044907
1 0.420312 0.276157 0.028646 0.048611
2 0.664062 0.538657 0.034375 0.060648
3 0.563932 0.294676 0.036198 0.061574
1 0.625911 0.463194 0.029948 0.050463
1 0.531901 0.299306 0.028906 0.047685
2 0.494141 0.279861 0.034115 0.056019
1 0.594661 0.312269 0.027865 0.049537
2 0.650911 0.366435 0.034115 0.059722
3 0.702474 0.346991 0.037240 0.062500
0 0.664974 0.309028 0.026302 0.045833
0 0.587630 0.045602 0.026302 0.042130
1 0.701432 0.450231 0.028385 0.050463
1 0.738151 0.403935 0.029427 0.050463
2 0.664974 0.419676 0.034635 0.056944
1 0.689453 0.217361 0.029427 0.047685
