1 0.310807 0.671991 0.028906 0.050463
2 0.293880 0.624306 0.034115 0.057870
2 0.390755 0.743750 0.035677 0.062500
0 0.500130 0.782639 0.027865 0.048611
2 0.329297 0.539120 0.034115 0.058796
1 0.310026 0.473380 0.028906 0.047685
1 0.405599 0.488194 0.029427 0.050463
1 0.335286 0.424306 0.029427 0.049537
3 0.520182 0.620139 0.038802 0.066204
0 0.479818 0.613657 0.028385 0.048611
0 0.442057 0.822917 0.028385 0.047685
0 0.332682 0.369213 0.026823 0.046759
3 0.526432 0.530324 0.037760 0.066204
2 0.576432 0.534259 0.034635 0.062037
2 0.617057 0.445139 0.035156 0.059722
2 0.749349 0.567361 0.033073 0.060648
2 0.461849 0.345602 0.034635 0.056944
1 0.440495 0.280787 0.028906 0.048611
0 0.778776 0.556713 0.026302 0.046759
0 0.715234 0.618750 0.027344 0.048611
0 0.680859 0.519213 0.027344 0.047685
1 0.595703 0.296065 0.029427 0.050463
1 0.744661 0.637269 0.029427 0.051389
2 0.534245 0.224306 0.034115 0.056019
3 0.691536 0.448380 0.037240 0.064352
1 0.638151 0.317593 0.028906 0.049074
3 0.704557 0.381713 0.037240 0.063426
0 0.681380 0.260417 0.026823 0.045833
1 0.648568 0.442824 0.029948 0.051389
