2 0.406901 0.825694 0.035156 0.061574
2 0.463411 0.590972 0.035156 0.060648
0 0.503516 0.585417 0.027865 0.048611
3 0.560807 0.584954 0.038281 0.065278
0 0.310026 0.516898 0.027344 0.045833
2 0.414193 0.595602 0.035156 0.060648
3 0.380339 0.550231 0.038281 0.064352
1 0.378776 0.612731 0.030469 0.049537
2 0.454818 0.426157 0.034635 0.059722
1 0.426172 0.530787 0.030990 0.051389
2 0.608984 0.484954 0.034635 0.058796
1 0.465755 0.484028 0.029427 0.049537
2 0.598047 0.559491 0.035156 0.059722
0 0.481380 0.394444 0.027344 0.046296
0 0.399609 0.463657 0.027865 0.046759
2 0.558464 0.519213 0.034635 0.059722
2 0.538672 0.650694 0.035156 0.061574
2 0.552214 0.390972 0.035156 0.058796
1 0.656380 0.633565 0.029948 0.052315
2 0.587370 0.439120 0.034635 0.058796
1 0.457682 0.346065 0.029948 0.048611
1 0.434505 0.279398 0.029427 0.049537
3 0.704297 0.447454 0.038281 0.064352
3 0.647526 0.478935 0.037760 0.065278
1 0.429036 0.195602 0.029427 0.046759
3 0.486068 0.166898 0.036719 0.058796
1 0.593620 0.290509 0.029427 0.050463
2 0.611068 0.334954 0.034635 0.056944
3 0.613151 0.180324 0.036198 0.059722
2 0.572005 0.196065 0.034115 0.056019
0 0.779297 0.455787 0.026302 0.046759
1 0.667057 0.247917 0.029427 0.047685
0 0.643880 0.383565 0.027344 0.043981
0 0.604818 0.233565 0.026823 0.044907
