0 0.486849 0.661806 0.027865 0.048611
2 0.511328 0.461343 0.034635 0.059722
2 0.461589 0.418287 0.033594 0.057870
2 0.542318 0.495602 0.034635 0.059722
1 0.420964 0.763194 0.029948 0.052315
2 0.443620 0.602083 0.034635 0.060648
0 0.532943 0.600231 0.028385 0.047685
1 0.404036 0.417824 0.028906 0.049537
3 0.555859 0.757639 0.038802 0.067130
1 0.489193 0.389583 0.030469 0.051389
3 0.488411 0.718287 0.038281 0.067130
0 0.544141 0.644213 0.027865 0.046759
1 0.608464 0.838657 0.030990 0.053241
0 0.455078 0.653009 0.027865 0.048611
0 0.600911 0.659491 0.027344 0.048611
0 0.574089 0.666898 0.026823 0.046759
1 0.592578 0.437269 0.029948 0.050463
1 0.592578 0.577546 0.030469 0.051389
3 0.478776 0.581713 0.037760 0.065278
0 0.577734 0.619213 0.027344 0.047685
1 0.412370 0.476157 0.029948 0.050463
2 0.412370 0.577546 0.035156 0.061574
3 0.640755 0.671065 0.038802 0.065278
1 0.557943 0.366898 0.029427 0.049537
2 0.443880 0.470139 0.034635 0.058796
1 0.618359 0.621528 0.031510 0.053241
2 0.637370 0.552083 0.034635 0.062500
2 0.662891 0.620602 0.035156 0.060648
3 0.513672 0.556250 0.038281 0.065278
3 0.696484 0.598380 0.037760 0.066204
