0 0.481380 0.468981 0.026302 0.047222
2 0.307422 0.696065 0.034115 0.059722
3 0.562370 0.374306 0.037760 0.063426
0 0.568099 0.524769 0.027344 0.045833
1 0.467318 0.514583 0.030990 0.049537
0 0.505729 0.445139 0.027604 0.046759
0 0.526172 0.734028 0.028385 0.049537
1 0.397266 0.548843 0.030469 0.050463
2 0.314714 0.436806 0.034115 0.057870
3 0.379036 0.645602 0.038281 0.064352
1 0.415495 0.685880 0.029427 0.051389
1 0.610286 0.521065 0.029948 0.050463
0 0.429297 0.499769 0.027344 0.046759
2 0.438411 0.448380 0.034635 0.058796
0 0.544661 0.478009 0.027344 0.047685
1 0.390755 0.381713 0.029948 0.049537
2 0.619401 0.445602 0.034115 0.059722
2 0.531380 0.410417 0.034635 0.059722
2 0.501563 0.654398 0.035417 0.060648
2 0.389844 0.458565 0.033854 0.056944
3 0.536849 0.534491 0.037240 0.065278
2 0.598568 0.381713 0.034115 0.057870
2 0.450911 0.350231 0.035677 0.056944
3 0.483464 0.294213 0.036198 0.061574
1 0.462109 0.255324 0.028385 0.046759
0 0.631380 0.380324 0.027865 0.045833
2 0.424609 0.236343 0.033594 0.054167
3 0.662109 0.408565 0.037760 0.063426
3 0.557161 0.275231 0.037760 0.062500
1 0.552474 0.209954 0.028906 0.047685
2 0.606380 0.300231 0.034115 0.056944
1 0.642318 0.295602 0.028906 0.050463
1 0.758984 0.453241 0.028906 0.050926
2 0.500911 0.516898 0.033594 0.058796
