3 0.313151 0.665972 0.036719 0.065278
0 0.282943 0.687731 0.026302 0.047685
1 0.296745 0.597454 0.028906 0.050463
3 0.327734 0.605787 0.037240 0.064352
3 0.523828 0.588657 0.038802 0.064352
0 0.287630 0.551620 0.026823 0.044907
3 0.416536 0.389120 0.038281 0.063426
2 0.475651 0.415972 0.034635 0.058796
1 0.356641 0.544676 0.028906 0.050463
0 0.411589 0.549769 0.027865 0.047685
1 0.393099 0.686806 0.030469 0.053241
2 0.600651 0.732176 0.035156 0.062500
2 0.384766 0.252546 0.035156 0.057870
1 0.618099 0.490972 0.029948 0.051389
0 0.639974 0.622454 0.027865 0.047685
2 0.519661 0.294676 0.034635 0.056944
3 0.671484 0.555787 0.037760 0.066204
2 0.486589 0.261806 0.034635 0.056944
1 0.586328 0.166435 0.028906 0.046759
2 0.633464 0.540046 0.034635 0.060648
3 0.651172 0.350231 0.036719 0.063426
2 0.559766 0.256713 0.034635 0.056019
2 0.520182 0.205787 0.033594 0.054167
0 0.701953 0.524769 0.026302 0.047685
2 0.682682 0.484028 0.033594 0.059722
0 0.651432 0.493750 0.026823 0.047685
0 0.614714 0.366435 0.027344 0.045833
2 0.603255 0.286343 0.034115 0.056944
2 0.689714 0.314120 0.033594 0.056944
1 0.561068 0.188194 0.029427 0.046759
1 0.677214 0.383796 0.028906 0.050926
1 0.645182 0.428472 0.030469 0.049537
1 0.700391 0.436343 0.028906 0.050463
