1 0.291276 0.701157 0.029427 0.051389
2 0.352865 0.796991 0.035937 0.061574
2 0.333464 0.694676 0.033594 0.060648
2 0.311589 0.465046 0.034115 0.059722
3 0.309245 0.650231 0.037240 0.064352
3 0.392318 0.590046 0.038802 0.067130
2 0.531901 0.654398 0.034635 0.059722
3 0.348047 0.611343 0.037240 0.066204
1 0.452214 0.622917 0.030469 0.051389
2 0.585156 0.565509 0.034375 0.060648
2 0.533464 0.716435 0.035156 0.063426
0 0.558203 0.682407 0.027344 0.049074
2 0.432943 0.726620 0.035677 0.061574
0 0.380859 0.430787 0.027344 0.047685
1 0.366016 0.477546 0.029948 0.049537
2 0.587370 0.399306 0.034635 0.058796
0 0.472786 0.399306 0.027344 0.046759
0 0.410026 0.353472 0.027344 0.043981
2 0.690755 0.720139 0.034635 0.062500
1 0.600130 0.351157 0.029948 0.049537
2 0.500651 0.286806 0.034635 0.056019
0 0.549089 0.310417 0.026823 0.045833
3 0.619401 0.303935 0.037240 0.063426
0 0.511328 0.335417 0.026823 0.044907
2 0.615234 0.230324 0.033594 0.056944
0 0.777214 0.593287 0.026823 0.048611
1 0.580078 0.155324 0.028906 0.046759
3 0.751432 0.416898 0.036719 0.063426
1 0.693229 0.292361 0.028646 0.047685
3 0.714714 0.469213 0.037240 0.064352
1 0.648047 0.278935 0.028906 0.048611
2 0.779167 0.344676 0.033333 0.057870
1 0.733724 0.153935 0.028906 0.046759
