0 0.267839 0.609954 0.026302 0.046759
1 0.316927 0.674769 0.030208 0.051389
0 0.305859 0.753472 0.026823 0.045833
3 0.417057 0.641435 0.038281 0.065278
3 0.394401 0.515509 0.037760 0.063426
2 0.400911 0.734491 0.035677 0.062500
2 0.559766 0.373843 0.035156 0.057870
2 0.519141 0.480787 0.034635 0.059722
2 0.315234 0.475231 0.033594 0.056944
2 0.320703 0.581250 0.034115 0.059722
2 0.348307 0.458102 0.035156 0.057870
3 0.544141 0.540509 0.037760 0.064352
2 0.549870 0.450694 0.035156 0.059722
2 0.529036 0.402315 0.034115 0.059259
2 0.444401 0.491435 0.035156 0.059722
2 0.452474 0.746991 0.036198 0.062500
0 0.602734 0.495139 0.027344 0.047685
0 0.514974 0.630324 0.027865 0.047685
0 0.402214 0.443750 0.027865 0.046759
2 0.593099 0.546991 0.035156 0.060648
1 0.557422 0.662269 0.029427 0.051389
0 0.441276 0.432176 0.027865 0.046759
0 0.608984 0.409028 0.027344 0.046759
2 0.590755 0.347454 0.033594 0.057870
2 0.470182 0.359028 0.034115 0.058796
0 0.389974 0.342824 0.027344 0.045833
0 0.645703 0.236806 0.026823 0.043056
0 0.668880 0.281250 0.026823 0.044907
2 0.476693 0.268750 0.034635 0.056944
0 0.543099 0.161343 0.026302 0.043056
1 0.624349 0.264583 0.028385 0.048611
0 0.645182 0.450694 0.027344 0.046759
1 0.682422 0.536343 0.029427 0.051389
1 0.641536 0.191898 0.027865 0.047685
1 0.671745 0.346065 0.029427 0.048611
2 0.680859 0.412269 0.034115 0.058796
0 0.605859 0.191898 0.026302 0.044907
3 0.699609 0.266204 0.036719 0.062037
2 0.586849 0.236343 0.033594 0.058796
2 0.554557 0.226157 0.033594 0.056019
0 0.709245 0.429861 0.026823 0.046759
0 0.571745 0.156250 0.026823 0.043056
