3 0.343099 0.781713 0.037240 0.066204
0 0.518359 0.785880 0.028385 0.048611
2 0.583724 0.552083 0.034635 0.061574
1 0.300391 0.621065 0.029427 0.049537
0 0.433724 0.573380 0.027344 0.048611
2 0.341276 0.400231 0.034635 0.056944
0 0.610026 0.705324 0.027865 0.048611
3 0.399349 0.525694 0.038281 0.064352
2 0.334766 0.601157 0.035156 0.059722
1 0.495964 0.579398 0.029948 0.051389
0 0.476953 0.542824 0.027865 0.048611
1 0.533724 0.530324 0.029948 0.052315
1 0.660026 0.666898 0.028906 0.052315
0 0.632161 0.658796 0.026302 0.048148
1 0.454688 0.334954 0.028646 0.048611
2 0.625651 0.485880 0.034115 0.060648
0 0.676432 0.563657 0.027344 0.047685
1 0.704036 0.548380 0.029427 0.053241
2 0.605078 0.145139 0.033594 0.055093
2 0.607292 0.303009 0.034375 0.056944
2 0.674870 0.506713 0.034115 0.059722
3 0.642578 0.324769 0.037240 0.062500
3 0.517318 0.037269 0.036198 0.056019
0 0.476953 0.248380 0.027344 0.044907
1 0.514714 0.242361 0.028385 0.048611
1 0.654557 0.259954 0.029427 0.050463
2 0.725911 0.127546 0.032552 0.053241
0 0.736328 0.370139 0.026823 0.045833
1 0.744401 0.169213 0.028906 0.046759
