2 0.236328 0.602083 0.033594 0.058796
0 0.293359 0.744213 0.026823 0.047685
1 0.242578 0.655324 0.028385 0.049537
3 0.532943 0.628935 0.038802 0.067130
2 0.510547 0.377083 0.034635 0.058796
2 0.436328 0.451157 0.034115 0.057870
0 0.251953 0.420139 0.026823 0.044907
3 0.558984 0.429861 0.037760 0.064352
2 0.358724 0.717824 0.035677 0.062500
2 0.416276 0.710417 0.035156 0.061574
3 0.463672 0.384954 0.037760 0.063426
2 0.454818 0.684259 0.035156 0.062037
3 0.585807 0.548843 0.038802 0.066204
2 0.515495 0.434491 0.034635 0.059722
2 0.614844 0.469213 0.034375 0.058796
1 0.602995 0.390046 0.029948 0.050463
0 0.443359 0.117824 0.026302 0.042130
3 0.530859 0.303009 0.036719 0.061574
1 0.633724 0.620602 0.029427 0.052315
2 0.635547 0.540509 0.034115 0.061574
1 0.589974 0.265046 0.029427 0.048611
0 0.484245 0.112269 0.025781 0.043056
3 0.720443 0.306713 0.036198 0.061574
1 0.504036 0.162269 0.029427 0.045833
2 0.694661 0.343750 0.034115 0.057870
1 0.596224 0.160880 0.028906 0.045833
1 0.567318 0.085417 0.028385 0.045833
0 0.586589 0.216435 0.026302 0.043981
0 0.648047 0.306713 0.026302 0.045833
1 0.500130 0.522917 0.030469 0.052315
0 0.627214 0.134491 0.026302 0.043056
2 0.764974 0.261806 0.034115 0.056944
1 0.654557 0.186343 0.028385 0.047685
