3 0.514714 0.638194 0.038281 0.065278
2 0.536589 0.589583 0.035677 0.060648
2 0.524089 0.548380 0.033073 0.058796
2 0.549349 0.620602 0.032552 0.056944
2 0.509766 0.679398 0.034115 0.046759
0 0.538151 0.682176 0.027865 0.049537
3 0.569661 0.577546 0.036198 0.060648
0 0.552734 0.496991 0.027865 0.043056
2 0.493359 0.576157 0.035677 0.062500
2 0.594141 0.621065 0.039844 0.066204
2 0.566276 0.466435 0.035156 0.057870
0 0.585547 0.676620 0.027344 0.043056
2 0.608984 0.567361 0.035156 0.061574
2 0.582422 0.522917 0.036198 0.046759
0 0.564974 0.682176 0.026302 0.031019
