1 0.374609 0.582639 0.029427 0.050463
0 0.272786 0.466898 0.026823 0.045833
1 0.347786 0.564583 0.030469 0.052315
0 0.344922 0.701157 0.027344 0.047685
0 0.323307 0.622917 0.027344 0.046759
0 0.305078 0.499769 0.027344 0.046759
1 0.287240 0.400231 0.028646 0.048611
0 0.402734 0.641435 0.027865 0.047685
3 0.439974 0.685880 0.038281 0.066204
3 0.368359 0.510417 0.037760 0.064352
0 0.405078 0.710417 0.027865 0.047685
0 0.466276 0.364583 0.026823 0.046759
1 0.376953 0.671065 0.029948 0.050463
1 0.405339 0.547917 0.030469 0.052315
2 0.537370 0.646991 0.035156 0.062500
1 0.531380 0.371528 0.029427 0.049537
1 0.572786 0.411343 0.029948 0.050463
2 0.518099 0.323380 0.034115 0.056944
2 0.630599 0.549769 0.035156 0.061574
0 0.419401 0.244676 0.026823 0.043981
2 0.599609 0.259028 0.034115 0.057870
2 0.556641 0.335417 0.034635 0.057870
1 0.619401 0.344676 0.028906 0.050463
2 0.533984 0.116898 0.033594 0.053241
2 0.631120 0.396065 0.033073 0.058796
2 0.589193 0.355787 0.034115 0.059722
1 0.630078 0.136343 0.028385 0.046759
3 0.643359 0.184491 0.036719 0.058796
3 0.688932 0.368056 0.037760 0.062963
