3 0.324609 0.442824 0.036719 0.061574
1 0.365234 0.706250 0.029948 0.050463
3 0.528776 0.595602 0.038281 0.065278
0 0.306901 0.570602 0.027344 0.046759
2 0.481380 0.565972 0.035156 0.061574
3 0.365755 0.446528 0.036198 0.065278
1 0.288672 0.435417 0.028906 0.049537
0 0.462630 0.616898 0.027865 0.048611
0 0.341016 0.486806 0.026823 0.046759
2 0.472005 0.365046 0.034635 0.056944
0 0.576693 0.446065 0.026302 0.047685
3 0.402214 0.441898 0.038281 0.062500
3 0.397526 0.506250 0.037760 0.064352
2 0.533984 0.722917 0.035677 0.061574
1 0.364714 0.508102 0.029427 0.049537
0 0.568359 0.392361 0.027865 0.045833
1 0.607422 0.420602 0.029948 0.050463
2 0.510807 0.377083 0.034635 0.057870
1 0.618880 0.346528 0.028906 0.050463
0 0.433464 0.289583 0.027344 0.043981
1 0.510807 0.295139 0.029948 0.049537
2 0.662370 0.250694 0.034115 0.056944
0 0.635547 0.195139 0.026302 0.044907
2 0.614453 0.235417 0.033594 0.056019
1 0.642057 0.440972 0.029427 0.051389
1 0.588672 0.309028 0.028906 0.048611
3 0.671354 0.179398 0.035937 0.059722
2 0.620182 0.293287 0.033594 0.056944
2 0.649089 0.336343 0.033073 0.057870
1 0.756380 0.385880 0.029427 0.051389
