1 0.275391 0.728472 0.028906 0.050463
2 0.472266 0.510417 0.035156 0.059722
2 0.470703 0.451620 0.034635 0.057870
1 0.504818 0.589583 0.030990 0.053241
3 0.372266 0.609954 0.038802 0.063426
3 0.442839 0.728935 0.038281 0.065278
1 0.334766 0.502083 0.028906 0.049537
1 0.260547 0.384954 0.027865 0.048611
2 0.326432 0.652083 0.034115 0.058796
0 0.346354 0.381250 0.026562 0.044907
2 0.510286 0.424769 0.034115 0.060648
0 0.588151 0.455324 0.027344 0.047685
1 0.429557 0.568287 0.029948 0.052315
3 0.471875 0.623380 0.038021 0.067130
2 0.438932 0.650694 0.035156 0.061574
2 0.457943 0.371065 0.034635 0.057870
2 0.623047 0.467361 0.034115 0.060648
0 0.361849 0.506713 0.026823 0.046759
1 0.565234 0.428009 0.028906 0.049537
0 0.619661 0.525231 0.027344 0.047685
3 0.604818 0.408102 0.037760 0.063426
3 0.646745 0.397917 0.037760 0.063426
1 0.414453 0.311343 0.029427 0.048611
2 0.432161 0.251157 0.034115 0.056019
2 0.445182 0.315972 0.034115 0.057870
2 0.625911 0.226157 0.033073 0.056019
2 0.611589 0.333102 0.034115 0.056944
3 0.595182 0.196528 0.037240 0.060648
1 0.704557 0.333102 0.028385 0.049537
0 0.662630 0.233102 0.026823 0.043981
0 0.650651 0.338657 0.027344 0.044907
0 0.696224 0.257639 0.027344 0.044907
2 0.641016 0.286343 0.033594 0.057870
1 0.675130 0.305324 0.029427 0.049537
