3 0.297005 0.553472 0.037240 0.063426
1 0.514714 0.659491 0.029948 0.051389
0 0.397266 0.653472 0.027865 0.046759
1 0.358203 0.514120 0.029948 0.047685
0 0.339714 0.550694 0.026823 0.044907
2 0.359505 0.396528 0.034635 0.058796
3 0.313672 0.484028 0.037240 0.062500
2 0.395443 0.506250 0.034635 0.058796
1 0.592708 0.484954 0.029687 0.051389
1 0.581641 0.623843 0.030469 0.054167
0 0.423307 0.532639 0.027865 0.047685
2 0.397786 0.419213 0.035156 0.057870
1 0.511328 0.419676 0.029427 0.052315
3 0.423047 0.150694 0.037240 0.058796
1 0.700911 0.627083 0.028385 0.053241
3 0.647917 0.271065 0.037500 0.061574
1 0.476172 0.272917 0.029427 0.049537
0 0.494401 0.166435 0.026302 0.043981
2 0.728516 0.567824 0.034115 0.059722
2 0.639062 0.396991 0.033854 0.057870
0 0.825391 0.507176 0.025781 0.047685
0 0.758724 0.573380 0.027344 0.047685
2 0.608984 0.279398 0.033594 0.056019
2 0.604948 0.145139 0.033333 0.054167
0 0.657943 0.357870 0.027344 0.046296
1 0.569271 0.214583 0.028646 0.047685
1 0.644922 0.207407 0.028906 0.047222
0 0.735026 0.393287 0.026823 0.044907
2 0.765495 0.207639 0.033073 0.054167
