2 0.478516 0.489120 0.035156 0.058796
3 0.549089 0.497917 0.038281 0.065278
1 0.230859 0.489120 0.027865 0.048611
1 0.360807 0.559491 0.030469 0.050463
0 0.308203 0.594213 0.027344 0.046759
2 0.382682 0.600231 0.035677 0.059722
3 0.300130 0.424306 0.036719 0.062500
1 0.413411 0.565972 0.029948 0.052315
2 0.363672 0.486343 0.034635 0.059722
1 0.331641 0.567361 0.029948 0.050463
2 0.574089 0.416898 0.033594 0.058796
1 0.543880 0.434491 0.029948 0.050463
0 0.432161 0.521065 0.027865 0.047685
0 0.451172 0.376620 0.027344 0.045833
2 0.417057 0.300231 0.034115 0.056944
3 0.546224 0.290046 0.037760 0.062500
2 0.740755 0.650231 0.034115 0.062500
1 0.663672 0.705324 0.030990 0.053241
2 0.595833 0.344676 0.034896 0.057870
0 0.466536 0.218750 0.026823 0.043981
0 0.445443 0.318750 0.026823 0.044907
2 0.629687 0.264583 0.034375 0.056019
1 0.492318 0.258102 0.029427 0.048611
1 0.829297 0.420139 0.027865 0.050463
3 0.706380 0.143981 0.035677 0.059259
0 0.594401 0.190972 0.026823 0.044907
1 0.711849 0.246065 0.028385 0.047685
0 0.777734 0.361343 0.026302 0.045833
0 0.727214 0.185185 0.026302 0.044444
