2 0.474609 0.513657 0.038281 0.065278
1 0.524349 0.831713 0.030469 0.055093
1 0.314193 0.631481 0.027865 0.050000
2 0.432422 0.842824 0.035156 0.061574
2 0.470443 0.613194 0.035677 0.060648
0 0.516276 0.769676 0.027344 0.049537
2 0.389453 0.639120 0.034635 0.060648
3 0.345703 0.555324 0.037760 0.064352
0 0.423047 0.754861 0.027344 0.047685
2 0.572786 0.491435 0.034115 0.060648
2 0.564714 0.697917 0.035156 0.061574
3 0.552734 0.409028 0.038281 0.063426
1 0.406380 0.535417 0.029948 0.051389
0 0.609245 0.709954 0.027865 0.048611
0 0.545182 0.611806 0.027865 0.047685
0 0.462891 0.687731 0.027344 0.047685
2 0.613932 0.564583 0.035156 0.060648
1 0.484245 0.411343 0.029948 0.049537
2 0.675651 0.644676 0.034115 0.060648
2 0.627734 0.497454 0.035156 0.059722
0 0.450391 0.353009 0.026823 0.046759
2 0.631901 0.660417 0.035156 0.061574
0 0.642057 0.746528 0.027865 0.047685
2 0.470964 0.313194 0.034115 0.057870
2 0.652474 0.410417 0.034115 0.059722
0 0.549609 0.315509 0.027344 0.043981
1 0.601953 0.361806 0.029948 0.050463
2 0.672005 0.462731 0.034115 0.058796
0 0.582682 0.161806 0.026823 0.043056
