3 0.415234 0.560417 0.037240 0.064352
0 0.297526 0.649306 0.026302 0.047685
2 0.526693 0.557176 0.035156 0.061574
3 0.448307 0.504398 0.037240 0.063426
3 0.390755 0.711343 0.038281 0.065278
0 0.458203 0.718750 0.027865 0.047685
3 0.375391 0.626852 0.037760 0.065741
0 0.569401 0.774306 0.028385 0.048611
2 0.390234 0.506713 0.035156 0.058796
2 0.503125 0.600231 0.035417 0.062500
0 0.406120 0.646065 0.027344 0.049537
0 0.383464 0.571065 0.027865 0.046759
1 0.356380 0.678935 0.029948 0.050463
1 0.480078 0.515509 0.030990 0.051389
2 0.468880 0.451157 0.034635 0.059722
0 0.478776 0.688194 0.027865 0.049537
0 0.594401 0.718287 0.028385 0.048611
2 0.597005 0.388194 0.034115 0.058796
1 0.649349 0.664120 0.029948 0.055093
2 0.724870 0.822454 0.035156 0.063426
3 0.757943 0.632176 0.038281 0.066204
1 0.702214 0.709491 0.030469 0.053241
1 0.676953 0.398843 0.029948 0.049537
3 0.758464 0.483565 0.037240 0.064352
2 0.646224 0.396528 0.033594 0.057870
1 0.630078 0.265509 0.029427 0.048611
1 0.585807 0.290046 0.028385 0.049537
1 0.700130 0.482639 0.029948 0.052315
2 0.712370 0.368750 0.034115 0.058796
1 0.696745 0.313194 0.028906 0.051389
