3 0.276042 0.493750 0.035937 0.062500
2 0.364974 0.456713 0.035156 0.056944
3 0.353516 0.514583 0.038281 0.063426
0 0.318490 0.550231 0.027083 0.044907
0 0.307161 0.510417 0.027344 0.045833
2 0.375911 0.353935 0.034115 0.056944
1 0.484245 0.621065 0.029427 0.053241
2 0.406120 0.447454 0.035156 0.057870
1 0.360547 0.649769 0.029948 0.051389
1 0.579297 0.611343 0.029948 0.052315
1 0.403516 0.378935 0.028385 0.048611
1 0.507422 0.737269 0.030469 0.053241
3 0.622005 0.537500 0.037240 0.064815
2 0.547786 0.499306 0.035677 0.059722
2 0.608203 0.398380 0.034635 0.059722
3 0.710807 0.495602 0.037760 0.065278
0 0.482682 0.556250 0.027865 0.047685
0 0.653776 0.544213 0.027344 0.047685
2 0.673568 0.301620 0.033594 0.057870
2 0.632161 0.478009 0.034635 0.060648
2 0.694141 0.427546 0.034115 0.059722
0 0.634766 0.424769 0.026823 0.045833
1 0.471224 0.160880 0.028906 0.046759
0 0.469922 0.105787 0.025781 0.041204
3 0.527474 0.170139 0.036719 0.058796
1 0.611849 0.328935 0.029427 0.049537
0 0.584245 0.256250 0.027344 0.043981
2 0.545182 0.257639 0.034635 0.056944
2 0.620443 0.177083 0.033594 0.054167
2 0.498307 0.115509 0.033594 0.053241
3 0.681120 0.370602 0.037240 0.062500
1 0.608203 0.235417 0.028906 0.047685
1 0.633724 0.075694 0.027865 0.044907
2 0.627214 0.277546 0.034115 0.057870
