2 0.239714 0.590046 0.034635 0.058796
1 0.378255 0.736806 0.030990 0.051389
2 0.461589 0.495139 0.034635 0.058796
3 0.542318 0.765509 0.038802 0.067130
2 0.428516 0.799306 0.036198 0.062500
3 0.426172 0.590509 0.038281 0.065278
0 0.484245 0.444676 0.027865 0.047685
2 0.507161 0.698843 0.036198 0.062500
1 0.294922 0.456250 0.029427 0.048611
0 0.575651 0.666435 0.027865 0.048611
1 0.406641 0.441898 0.028906 0.050463
0 0.331901 0.448843 0.027344 0.045833
2 0.556641 0.617361 0.035156 0.061574
0 0.611849 0.647917 0.028385 0.047685
1 0.537630 0.478009 0.030990 0.051389
0 0.392318 0.488194 0.027344 0.046759
1 0.555078 0.374306 0.029427 0.049537
3 0.624609 0.285417 0.037240 0.061574
0 0.469141 0.241898 0.026823 0.044907
1 0.799089 0.556250 0.028906 0.052315
2 0.475130 0.353009 0.034635 0.057870
2 0.485286 0.141898 0.033594 0.054167
3 0.657943 0.317824 0.036719 0.062500
1 0.469401 0.100694 0.028385 0.045833
2 0.576432 0.149769 0.033594 0.054167
2 0.604297 0.333565 0.034115 0.057870
2 0.706641 0.294676 0.033594 0.057870
3 0.648047 0.240972 0.037240 0.062500
3 0.685286 0.178935 0.036198 0.059722
0 0.722005 0.406250 0.026823 0.046759
1 0.538932 0.202546 0.028385 0.047685
1 0.740234 0.288657 0.029948 0.047685
2 0.716406 0.158565 0.033333 0.054167
2 0.749089 0.185417 0.032552 0.054167
