3 0.529687 0.539583 0.037500 0.066204
2 0.250651 0.553009 0.034115 0.056944
1 0.332682 0.671065 0.030990 0.051389
3 0.354036 0.721991 0.037760 0.064352
1 0.300130 0.659954 0.028906 0.050463
1 0.297005 0.536806 0.028385 0.048611
1 0.283464 0.581713 0.027865 0.050463
2 0.311328 0.607176 0.035156 0.057870
1 0.243359 0.443750 0.028906 0.047685
1 0.548047 0.738657 0.030469 0.052315
2 0.442839 0.494213 0.035156 0.060648
0 0.507422 0.597454 0.027865 0.047685
0 0.444922 0.772454 0.027865 0.049537
1 0.379297 0.578935 0.029427 0.052315
3 0.378776 0.436343 0.037240 0.062500
2 0.531380 0.690972 0.035677 0.061574
0 0.374349 0.674769 0.028385 0.047685
2 0.363672 0.524769 0.035156 0.058796
3 0.609245 0.496528 0.037240 0.064352
2 0.488672 0.358565 0.034635 0.057870
0 0.448307 0.344676 0.027344 0.045833
1 0.486068 0.546528 0.030469 0.052315
2 0.626693 0.551620 0.035156 0.060648
3 0.756380 0.531250 0.037240 0.064352
3 0.698828 0.337731 0.037760 0.061574
2 0.490495 0.265972 0.034635 0.056019
1 0.673307 0.585880 0.029948 0.052315
0 0.589193 0.289120 0.026823 0.045833
2 0.683203 0.474769 0.033594 0.059722
2 0.660547 0.352083 0.034115 0.057870
0 0.630599 0.341435 0.027344 0.046759
2 0.649089 0.480324 0.035156 0.059722
1 0.682161 0.278472 0.027865 0.046759
