2 0.433203 0.859491 0.035677 0.061574
2 0.273047 0.840972 0.033073 0.058796
3 0.327995 0.746528 0.037760 0.066204
0 0.352995 0.835417 0.027865 0.048611
2 0.451693 0.685880 0.036198 0.062500
0 0.344922 0.564120 0.027344 0.047685
2 0.435286 0.784028 0.035677 0.061574
2 0.430339 0.518750 0.035156 0.058796
2 0.462109 0.392824 0.035156 0.057870
0 0.562370 0.557639 0.027865 0.047685
1 0.516276 0.481250 0.029427 0.050463
0 0.602214 0.415972 0.027344 0.045833
3 0.472786 0.241898 0.037240 0.060648
2 0.686328 0.565972 0.034635 0.060648
2 0.542839 0.322917 0.035156 0.058796
1 0.641797 0.329398 0.029427 0.050463
2 0.559245 0.160880 0.033594 0.054167
2 0.637891 0.493287 0.034635 0.059722
2 0.666276 0.189120 0.033594 0.055093
3 0.725651 0.384028 0.037760 0.062500
0 0.485547 0.564583 0.027344 0.047685
0 0.680599 0.137731 0.026302 0.043056
0 0.728776 0.200231 0.026302 0.043056
1 0.606641 0.230324 0.029427 0.048611
2 0.737630 0.289120 0.033594 0.057870
