2 0.460547 0.509491 0.035156 0.058796
2 0.329557 0.674537 0.034635 0.059259
0 0.313411 0.431250 0.026302 0.045833
0 0.292578 0.479861 0.026823 0.045833
3 0.284375 0.384491 0.035937 0.062500
1 0.335286 0.617824 0.030469 0.050463
3 0.330859 0.508102 0.037760 0.062500
1 0.528516 0.560417 0.030469 0.051389
1 0.577734 0.679861 0.029427 0.052315
1 0.470964 0.743750 0.029948 0.051389
0 0.599089 0.610880 0.028385 0.047685
1 0.582161 0.441898 0.029948 0.050463
0 0.617057 0.419213 0.027344 0.046759
0 0.640495 0.657176 0.027344 0.047685
3 0.697786 0.578472 0.037760 0.065278
3 0.543620 0.256713 0.037240 0.060648
1 0.571484 0.302546 0.029948 0.048611
1 0.639453 0.600694 0.029948 0.054167
2 0.607812 0.280787 0.033333 0.056019
0 0.642839 0.457639 0.027344 0.046759
1 0.542839 0.317361 0.028385 0.049537
2 0.702474 0.412269 0.034115 0.057870
0 0.472786 0.344213 0.027865 0.045833
0 0.639714 0.228009 0.026823 0.043981
1 0.640495 0.300231 0.029427 0.049537
2 0.718359 0.360880 0.033594 0.057870
2 0.670182 0.379398 0.034115 0.058796
2 0.632161 0.159954 0.033594 0.053241
2 0.750651 0.507176 0.034115 0.059722
