1 0.242057 0.633102 0.027865 0.052315
1 0.284505 0.646065 0.027865 0.050463
1 0.352734 0.517361 0.029948 0.051389
0 0.310677 0.635417 0.027083 0.047685
0 0.332943 0.556713 0.026302 0.046759
0 0.305599 0.477546 0.027344 0.045833
2 0.370964 0.472454 0.035156 0.057870
0 0.504297 0.653472 0.027865 0.047685
0 0.551693 0.676620 0.027865 0.047685
0 0.499349 0.430324 0.027344 0.046759
1 0.447005 0.666435 0.029427 0.051389
1 0.424349 0.407639 0.030469 0.049537
2 0.535807 0.620139 0.035156 0.062500
0 0.578776 0.443287 0.027865 0.046759
2 0.431641 0.288657 0.034635 0.056944
2 0.440755 0.349306 0.034635 0.057870
3 0.695443 0.540046 0.037760 0.065278
2 0.654297 0.492824 0.034115 0.059722
3 0.632422 0.177083 0.036719 0.058796
0 0.443099 0.242824 0.027344 0.044907
2 0.550911 0.139120 0.033594 0.052315
1 0.521484 0.127083 0.028385 0.045833
1 0.676693 0.312731 0.029427 0.050463
1 0.764193 0.554861 0.029427 0.051389
3 0.716276 0.340509 0.037240 0.062500
1 0.585286 0.225694 0.029427 0.046759
3 0.743359 0.177546 0.035677 0.060648
2 0.754818 0.117361 0.032552 0.054167
2 0.674089 0.134954 0.033594 0.054167
0 0.833724 0.937731 0.042969 0.028241
