3 0.233984 0.587731 0.035677 0.064352
3 0.292057 0.643750 0.036719 0.062500
0 0.337370 0.684491 0.027344 0.047685
0 0.210286 0.404861 0.025781 0.044907
2 0.265755 0.469676 0.034115 0.057870
2 0.475651 0.495602 0.035156 0.059722
0 0.223828 0.443287 0.026302 0.045833
2 0.468880 0.403009 0.035156 0.058796
1 0.315234 0.402315 0.029948 0.049074
2 0.545443 0.584028 0.034635 0.062500
0 0.563411 0.664120 0.028906 0.047685
0 0.575911 0.586343 0.028385 0.048611
1 0.591536 0.720602 0.030469 0.052315
1 0.343620 0.390972 0.028906 0.048611
1 0.384505 0.474306 0.029948 0.048611
2 0.532161 0.671296 0.034115 0.062037
1 0.604036 0.589120 0.029427 0.051389
0 0.572526 0.506713 0.027344 0.047685
0 0.671224 0.649769 0.026823 0.046759
1 0.575391 0.360880 0.029427 0.049537
0 0.631901 0.584491 0.027865 0.047685
1 0.659245 0.500231 0.029427 0.050463
1 0.648568 0.441435 0.029427 0.051389
2 0.534505 0.312269 0.033594 0.057870
2 0.632161 0.301620 0.033594 0.056944
3 0.535547 0.195602 0.037240 0.060648
1 0.798047 0.250231 0.028906 0.048611
3 0.814974 0.093287 0.034115 0.058796
