3 0.252344 0.507176 0.036458 0.061574
3 0.262630 0.568287 0.036198 0.063426
0 0.207813 0.559028 0.026042 0.045833
2 0.475911 0.787269 0.034635 0.063426
1 0.392318 0.678935 0.029948 0.053241
2 0.431380 0.693287 0.035156 0.062500
1 0.515495 0.552083 0.029427 0.052315
1 0.515755 0.659028 0.029427 0.052315
0 0.575130 0.596991 0.027344 0.047685
1 0.420182 0.431713 0.029427 0.048611
1 0.486849 0.546991 0.028385 0.049537
1 0.441016 0.395139 0.029948 0.049537
1 0.468620 0.387269 0.029948 0.050463
2 0.599089 0.392824 0.034635 0.057870
1 0.497786 0.711343 0.030469 0.052315
1 0.481120 0.609028 0.030469 0.054167
0 0.416536 0.358565 0.026302 0.045833
0 0.445182 0.569213 0.026823 0.048611
2 0.574870 0.325231 0.034115 0.057870
3 0.635807 0.450231 0.038281 0.063426
3 0.572786 0.265972 0.037240 0.061574
0 0.442578 0.346065 0.027865 0.044907
0 0.527734 0.125231 0.026302 0.042130
2 0.472786 0.114583 0.033073 0.053241
0 0.745443 0.481250 0.027344 0.046759
2 0.694922 0.158102 0.033073 0.054167
1 0.622786 0.226157 0.028906 0.048611
2 0.770182 0.217824 0.034115 0.056019
2 0.737891 0.167361 0.033073 0.054167
