2 0.328255 0.838194 0.033594 0.060648
0 0.210807 0.630787 0.026302 0.047685
0 0.320443 0.775231 0.027865 0.047685
2 0.271224 0.598380 0.035677 0.060648
1 0.275911 0.502546 0.029427 0.049537
2 0.423568 0.687731 0.035677 0.060648
2 0.341797 0.715046 0.034635 0.060648
0 0.294922 0.641435 0.026302 0.046759
0 0.491276 0.464583 0.027865 0.046759
1 0.303255 0.456250 0.028906 0.049537
3 0.514714 0.709491 0.038802 0.066204
0 0.351953 0.421528 0.027344 0.045833
2 0.506380 0.645602 0.035677 0.060648
1 0.589974 0.478472 0.030469 0.052315
0 0.471224 0.261343 0.026302 0.044907
3 0.723177 0.703009 0.038021 0.066204
2 0.692839 0.629398 0.035156 0.062500
0 0.488672 0.230324 0.026823 0.043981
1 0.517057 0.107176 0.028385 0.046759
3 0.486849 0.081713 0.036719 0.057870
1 0.792318 0.635417 0.029948 0.052315
1 0.618880 0.298843 0.029427 0.048611
1 0.749349 0.541435 0.029948 0.052315
2 0.822266 0.610417 0.033073 0.060648
1 0.770964 0.253241 0.028385 0.048148
2 0.758464 0.167130 0.033073 0.054630
1 0.764714 0.361806 0.028906 0.048611
3 0.783724 0.031713 0.035677 0.056944
