2 0.327995 0.765509 0.034635 0.060648
0 0.493880 0.838657 0.028385 0.048611
2 0.456901 0.469213 0.034115 0.058796
0 0.359766 0.652546 0.027344 0.047685
2 0.516797 0.513194 0.034635 0.058796
2 0.523047 0.584491 0.035156 0.062500
0 0.399349 0.591435 0.027865 0.047685
3 0.563151 0.495139 0.037760 0.065278
1 0.293099 0.458102 0.028385 0.049537
2 0.605599 0.444676 0.034635 0.059722
1 0.486068 0.548380 0.029427 0.051389
0 0.374870 0.416435 0.027344 0.045833
3 0.635026 0.554861 0.038281 0.065278
1 0.663021 0.685417 0.030208 0.052315
1 0.466016 0.746759 0.028906 0.051852
1 0.502734 0.432639 0.029948 0.050463
1 0.508073 0.322454 0.029687 0.048611
0 0.645182 0.609954 0.027865 0.048611
0 0.761589 0.644213 0.027344 0.046759
0 0.665495 0.529861 0.027865 0.047685
1 0.530599 0.275694 0.029948 0.048611
1 0.658203 0.260880 0.028906 0.048611
3 0.660547 0.345602 0.037240 0.063426
2 0.590234 0.254398 0.033073 0.055093
2 0.686589 0.405787 0.033594 0.059722
1 0.647005 0.399306 0.029427 0.051389
0 0.754557 0.412731 0.027344 0.045833
3 0.696224 0.322454 0.037240 0.062500
