1 0.480339 0.887269 0.032031 0.052315
3 0.575651 0.483102 0.037240 0.064352
0 0.411719 0.636806 0.028125 0.047685
0 0.443880 0.686806 0.027865 0.047685
2 0.372786 0.587269 0.034635 0.060648
1 0.573047 0.409491 0.029948 0.051389
2 0.461328 0.412500 0.034635 0.060185
2 0.447526 0.578472 0.034635 0.059722
2 0.441797 0.468287 0.035156 0.059722
3 0.604818 0.395602 0.036719 0.063426
2 0.486068 0.462269 0.035156 0.058796
1 0.542057 0.832176 0.030469 0.053241
1 0.606120 0.562269 0.029948 0.051389
0 0.487630 0.382176 0.027344 0.045833
3 0.539974 0.408565 0.036719 0.062500
2 0.458724 0.522454 0.034635 0.057870
0 0.411849 0.373843 0.027344 0.045833
0 0.508984 0.425694 0.027865 0.046759
0 0.497526 0.598843 0.026823 0.048611
1 0.464453 0.352083 0.029948 0.049537
1 0.558464 0.552546 0.029948 0.051389
1 0.489974 0.527083 0.029948 0.052315
3 0.551172 0.348843 0.036719 0.061574
2 0.584505 0.332176 0.034635 0.056944
2 0.575911 0.275694 0.034635 0.056944
1 0.669401 0.358102 0.028385 0.049537
0 0.549089 0.240972 0.026823 0.043981
3 0.540234 0.290509 0.036198 0.061574
2 0.507682 0.341898 0.034635 0.057870
2 0.579036 0.220139 0.034115 0.055093
2 0.631380 0.246991 0.034635 0.057870
2 0.505339 0.284491 0.033594 0.056019
1 0.612630 0.286806 0.028906 0.048611
3 0.754557 0.156250 0.036198 0.059722
