0 0.292318 0.709028 0.025781 0.049537
2 0.303255 0.610880 0.034635 0.059722
2 0.399870 0.707176 0.035677 0.060648
1 0.343880 0.382639 0.029948 0.050463
2 0.580859 0.516898 0.034635 0.058796
0 0.527474 0.604861 0.027865 0.048611
1 0.393880 0.548380 0.029948 0.050463
1 0.431380 0.391435 0.029427 0.049537
0 0.393359 0.625694 0.027865 0.048611
0 0.589714 0.466898 0.027865 0.047685
1 0.621224 0.661806 0.029427 0.051389
1 0.456120 0.488194 0.029948 0.051389
3 0.581641 0.412731 0.037760 0.064352
3 0.496484 0.324306 0.037760 0.063426
0 0.611068 0.390972 0.026823 0.045833
3 0.555078 0.306250 0.037760 0.061574
3 0.695703 0.410417 0.036719 0.063426
1 0.593359 0.297454 0.029427 0.049537
0 0.409505 0.256713 0.027344 0.043981
2 0.626172 0.306713 0.034115 0.056944
2 0.639453 0.373843 0.034115 0.057870
1 0.652995 0.511343 0.029948 0.051389
2 0.593620 0.348843 0.034635 0.056944
2 0.576432 0.156713 0.033594 0.054167
0 0.717578 0.371991 0.026823 0.045833
1 0.594661 0.113657 0.028906 0.046759
2 0.661068 0.419213 0.034635 0.058796
0 0.764714 0.429398 0.026302 0.045833
1 0.646484 0.210880 0.028906 0.047685
