3 0.458724 0.572917 0.038281 0.065278
3 0.334245 0.588194 0.037760 0.065278
2 0.330078 0.696991 0.035156 0.059722
1 0.361068 0.691898 0.029948 0.053241
0 0.318620 0.477546 0.026823 0.046759
1 0.560026 0.504861 0.030469 0.051389
2 0.394661 0.575231 0.035156 0.058796
0 0.545703 0.621991 0.028385 0.047685
2 0.321745 0.531250 0.034115 0.058796
2 0.454036 0.385880 0.034635 0.058796
2 0.606641 0.500694 0.034635 0.059722
0 0.348307 0.464120 0.027865 0.045833
2 0.528516 0.531713 0.035677 0.060648
1 0.415495 0.258102 0.029427 0.046759
3 0.641016 0.578009 0.037760 0.066204
2 0.493099 0.258102 0.033594 0.058796
3 0.509245 0.205787 0.036719 0.060648
1 0.602474 0.230787 0.028906 0.047685
2 0.542578 0.226157 0.034115 0.055093
0 0.673568 0.574769 0.028385 0.047685
1 0.533724 0.165046 0.029427 0.046759
3 0.615755 0.172917 0.036198 0.059722
2 0.597786 0.282639 0.034635 0.056944
1 0.505078 0.141898 0.028906 0.045833
1 0.566797 0.293750 0.028385 0.047685
3 0.643359 0.370602 0.037760 0.062500
2 0.626172 0.317824 0.034115 0.056944
0 0.574609 0.234028 0.026302 0.043981
0 0.646484 0.200694 0.026823 0.043056
2 0.662240 0.309028 0.033854 0.056944
0 0.784766 0.311806 0.027344 0.044907
1 0.633203 0.262731 0.028906 0.047685
1 0.693490 0.115278 0.028646 0.046296
2 0.609766 0.029861 0.033073 0.053241
