2 0.318620 0.653009 0.034635 0.061574
1 0.365755 0.759954 0.030469 0.050463
2 0.299609 0.555787 0.034115 0.058796
3 0.529818 0.635417 0.038281 0.067130
1 0.253255 0.552083 0.029427 0.050463
3 0.380859 0.564583 0.037760 0.065278
2 0.480339 0.824074 0.035677 0.063889
2 0.407422 0.619213 0.035156 0.059722
0 0.528255 0.560880 0.027865 0.047685
2 0.577995 0.597454 0.035156 0.060648
1 0.573568 0.712269 0.029948 0.054167
2 0.387109 0.497454 0.034635 0.058796
2 0.564583 0.515509 0.034896 0.058796
1 0.418880 0.539583 0.029427 0.051389
2 0.463151 0.517361 0.035156 0.059722
3 0.609766 0.441898 0.037760 0.065278
3 0.558203 0.453472 0.038281 0.064352
2 0.566276 0.390509 0.034635 0.058796
0 0.345443 0.473380 0.027344 0.045833
2 0.512630 0.396065 0.034635 0.058796
0 0.457422 0.753935 0.027865 0.047685
1 0.607161 0.534954 0.030469 0.053241
0 0.504818 0.586806 0.027344 0.047685
1 0.427734 0.393287 0.029948 0.050463
0 0.414714 0.343287 0.027865 0.045833
3 0.674479 0.510417 0.038021 0.065278
0 0.656901 0.454398 0.027344 0.046759
3 0.665234 0.334954 0.037760 0.061574
2 0.611589 0.366667 0.034115 0.058333
1 0.422786 0.267361 0.028385 0.047685
1 0.625911 0.309954 0.028906 0.048611
1 0.559766 0.312731 0.029427 0.048611
2 0.641797 0.396528 0.034115 0.059722
