0 0.219401 0.915046 0.026302 0.048611
3 0.313151 0.735880 0.037760 0.065278
2 0.276562 0.728935 0.033333 0.060648
2 0.317578 0.596528 0.035156 0.059722
3 0.303776 0.656250 0.036719 0.065278
2 0.415755 0.669676 0.034635 0.061574
0 0.412109 0.534954 0.027865 0.045833
1 0.362370 0.617361 0.029948 0.050463
2 0.462109 0.596065 0.035156 0.059722
2 0.534505 0.566898 0.035156 0.060648
2 0.572526 0.581713 0.035156 0.062500
1 0.569010 0.659028 0.030208 0.052315
2 0.474609 0.372917 0.034115 0.057870
1 0.472266 0.731250 0.029948 0.053241
0 0.507422 0.384954 0.027344 0.046759
0 0.480859 0.678009 0.027865 0.048611
1 0.621224 0.440972 0.030469 0.051389
3 0.663151 0.853935 0.038281 0.067130
3 0.497266 0.534491 0.037760 0.066204
2 0.707943 0.690509 0.035156 0.062500
1 0.446745 0.291435 0.029427 0.048611
2 0.641797 0.322222 0.034635 0.057407
0 0.712891 0.568750 0.027344 0.049537
1 0.592839 0.298843 0.027344 0.049537
0 0.563151 0.298843 0.026823 0.043981
2 0.540755 0.239583 0.034115 0.056019
0 0.628516 0.367361 0.027344 0.044907
3 0.783464 0.591898 0.037240 0.066204
2 0.606641 0.162269 0.034115 0.053241
2 0.609766 0.256250 0.034115 0.056019
1 0.643359 0.407639 0.029427 0.050463
1 0.792057 0.422685 0.029427 0.050000
1 0.750911 0.474769 0.028906 0.051389
3 0.758203 0.404861 0.036719 0.063426
