3 0.472266 0.513194 0.037240 0.065278
2 0.348307 0.730324 0.034115 0.061574
2 0.341797 0.590972 0.035156 0.059722
2 0.508464 0.453009 0.035677 0.059722
3 0.468620 0.443750 0.038281 0.063426
0 0.486068 0.603472 0.027865 0.048611
0 0.521224 0.672454 0.028906 0.048611
2 0.407943 0.521991 0.035156 0.058796
0 0.547266 0.686806 0.026823 0.047685
0 0.439453 0.746991 0.027865 0.048611
2 0.549089 0.633102 0.035677 0.059722
2 0.383984 0.460417 0.035156 0.058796
1 0.505078 0.522454 0.029427 0.051389
0 0.360286 0.494676 0.026823 0.046759
0 0.519922 0.392361 0.027344 0.045833
2 0.404036 0.411806 0.035156 0.057870
2 0.560807 0.527546 0.035677 0.060648
2 0.490495 0.660880 0.034635 0.063426
2 0.584245 0.674306 0.035677 0.061574
3 0.595703 0.573843 0.038281 0.066204
1 0.562891 0.581713 0.029427 0.052315
1 0.541276 0.458102 0.029948 0.050463
0 0.464714 0.376620 0.027344 0.046759
2 0.532682 0.565046 0.034635 0.059722
0 0.598568 0.470602 0.027344 0.046759
1 0.607161 0.425231 0.028906 0.052315
0 0.660807 0.590972 0.027344 0.048611
0 0.601432 0.163194 0.026302 0.043981
2 0.492057 0.303009 0.034115 0.057870
0 0.588932 0.313194 0.027344 0.044907
0 0.697526 0.348380 0.026823 0.046759
1 0.533724 0.348843 0.029948 0.050463
3 0.633464 0.346528 0.037240 0.063426
2 0.460286 0.244213 0.033594 0.056019
0 0.599609 0.112269 0.025781 0.042130
0 0.570182 0.129861 0.026302 0.043056
2 0.631641 0.274769 0.033594 0.055093
2 0.535547 0.240972 0.034635 0.056019
1 0.648828 0.221991 0.028906 0.048611
2 0.694401 0.279398 0.032552 0.057870
2 0.670182 0.316435 0.032552 0.057870
0 0.722526 0.294676 0.026823 0.044907
0 0.478516 0.432176 0.028906 0.046759
