0 0.286849 0.631713 0.026823 0.047685
0 0.331901 0.753935 0.026302 0.047685
1 0.238411 0.465509 0.028385 0.047685
2 0.550651 0.575463 0.034635 0.060185
2 0.578776 0.816435 0.036198 0.063426
2 0.565755 0.665046 0.036198 0.061574
0 0.414453 0.508565 0.027865 0.045833
2 0.364453 0.609028 0.034635 0.059722
0 0.411589 0.684028 0.027344 0.047685
1 0.458203 0.602083 0.029948 0.051389
3 0.361849 0.475231 0.037760 0.062500
2 0.539193 0.475231 0.035156 0.060648
0 0.470703 0.459028 0.027344 0.046759
2 0.504297 0.706713 0.035677 0.061574
0 0.619661 0.729398 0.027865 0.049537
2 0.617578 0.541435 0.034115 0.060648
1 0.502214 0.600231 0.029948 0.051389
2 0.515755 0.362269 0.034635 0.057870
0 0.602734 0.447454 0.027865 0.047685
2 0.453516 0.330787 0.034635 0.057870
3 0.667057 0.371528 0.037240 0.062500
2 0.664714 0.664583 0.035156 0.061574
2 0.730859 0.353472 0.034115 0.058796
1 0.523047 0.273843 0.029427 0.048611
2 0.716536 0.618750 0.035156 0.061574
0 0.663411 0.475231 0.027344 0.046759
3 0.596224 0.341898 0.037760 0.062500
0 0.629297 0.311343 0.026823 0.044907
1 0.723828 0.250694 0.029948 0.048611
