1 0.306120 0.754861 0.028385 0.052315
1 0.493620 0.512731 0.028906 0.052315
1 0.275391 0.537731 0.029427 0.050463
2 0.488151 0.421065 0.034115 0.059722
2 0.319010 0.610417 0.034375 0.058796
0 0.285547 0.424306 0.027344 0.045833
0 0.253776 0.385880 0.026302 0.043981
3 0.561849 0.387269 0.038281 0.064352
2 0.393359 0.754861 0.035677 0.061574
2 0.348828 0.691898 0.034635 0.058796
1 0.572266 0.715046 0.030469 0.053241
0 0.282422 0.477083 0.026823 0.045833
2 0.355859 0.588657 0.036198 0.059722
3 0.613672 0.641898 0.038802 0.066204
2 0.498047 0.607176 0.035677 0.061574
3 0.617318 0.445602 0.037760 0.063426
2 0.474870 0.561343 0.034635 0.061574
2 0.373047 0.645602 0.034635 0.063426
0 0.427995 0.690972 0.028385 0.048611
0 0.575130 0.774306 0.027344 0.048611
2 0.523307 0.548380 0.035156 0.060648
1 0.583203 0.609491 0.029948 0.053241
0 0.663932 0.674769 0.027865 0.048611
3 0.665495 0.604398 0.037760 0.067130
3 0.454036 0.211343 0.036198 0.058796
3 0.481641 0.247917 0.037240 0.059722
0 0.609245 0.565972 0.026823 0.046759
2 0.570964 0.275694 0.033594 0.056944
2 0.657161 0.540046 0.034635 0.060648
1 0.633203 0.590972 0.030469 0.053241
1 0.546224 0.330787 0.028385 0.049537
1 0.521745 0.265046 0.028906 0.049537
1 0.707682 0.518287 0.029948 0.051389
2 0.748828 0.603009 0.034635 0.062500
