0 0.243880 0.680324 0.026823 0.047685
1 0.507422 0.799769 0.029948 0.052315
0 0.323047 0.519676 0.026823 0.047685
3 0.461849 0.594676 0.038802 0.066204
1 0.525130 0.438657 0.028906 0.050463
0 0.344141 0.548843 0.026823 0.047685
2 0.293099 0.543750 0.034115 0.058796
1 0.386849 0.808102 0.030469 0.051389
2 0.319401 0.578472 0.034115 0.059722
3 0.465755 0.370602 0.037760 0.062500
1 0.388411 0.428009 0.029427 0.049537
0 0.517578 0.631250 0.028385 0.048611
2 0.465495 0.494213 0.035156 0.059722
1 0.441016 0.536806 0.030469 0.051389
0 0.376953 0.509491 0.027344 0.045833
1 0.589714 0.398843 0.028906 0.052315
2 0.524089 0.128935 0.033073 0.054167
2 0.427995 0.120139 0.034115 0.054167
0 0.455078 0.320139 0.026823 0.045833
1 0.686589 0.661806 0.029948 0.053241
0 0.476432 0.287269 0.027344 0.045833
2 0.688672 0.599769 0.034115 0.063426
1 0.648307 0.521065 0.029948 0.051389
3 0.657682 0.269676 0.036719 0.061574
2 0.683984 0.309954 0.033594 0.057870
3 0.738151 0.344213 0.036719 0.062500
0 0.676953 0.451620 0.027865 0.046759
1 0.718880 0.224769 0.027865 0.048611
