2 0.305599 0.559028 0.034635 0.057870
0 0.291276 0.467824 0.026302 0.045833
3 0.343099 0.517361 0.037760 0.063426
3 0.425130 0.524769 0.037760 0.063426
0 0.322526 0.640509 0.027344 0.047685
0 0.412109 0.756713 0.027865 0.048611
1 0.541536 0.672917 0.030469 0.053241
3 0.566016 0.365046 0.038281 0.063426
2 0.569661 0.439583 0.034115 0.059722
3 0.312891 0.380324 0.035677 0.063426
3 0.454557 0.369676 0.037760 0.062500
2 0.479557 0.638657 0.035156 0.060648
1 0.388672 0.384028 0.030469 0.049537
2 0.353255 0.443287 0.034115 0.058796
1 0.374870 0.485417 0.029948 0.050463
1 0.590495 0.593750 0.030469 0.053241
1 0.463151 0.690972 0.029948 0.051389
1 0.519922 0.367824 0.029427 0.048611
1 0.351953 0.605324 0.029427 0.051389
0 0.497786 0.689583 0.027344 0.046759
2 0.661068 0.498380 0.033594 0.059722
3 0.635807 0.388194 0.038281 0.063426
0 0.578776 0.312731 0.026823 0.044907
1 0.457682 0.315046 0.029427 0.050463
2 0.631901 0.316898 0.033594 0.057870
1 0.507161 0.221991 0.029427 0.047685
2 0.675911 0.405787 0.034635 0.058796
2 0.681380 0.308565 0.034115 0.056944
0 0.584245 0.255787 0.026823 0.043981
0 0.739974 0.225694 0.027344 0.043981
