3 0.404557 0.530324 0.038281 0.065278
1 0.274870 0.644676 0.028385 0.051389
1 0.317839 0.592361 0.030469 0.053241
2 0.283464 0.405787 0.033073 0.056944
2 0.308984 0.500694 0.034635 0.057870
3 0.355339 0.434954 0.037760 0.063426
2 0.586849 0.599306 0.034635 0.060648
0 0.305339 0.640972 0.027344 0.045833
2 0.335026 0.646991 0.036198 0.059722
0 0.591276 0.545602 0.027344 0.048611
2 0.424089 0.752083 0.035677 0.060648
2 0.583854 0.487269 0.034896 0.059722
1 0.443880 0.398380 0.029948 0.050463
0 0.536589 0.681713 0.027865 0.047685
2 0.462891 0.566435 0.035156 0.059722
0 0.572266 0.379398 0.027865 0.044907
1 0.547786 0.534491 0.029948 0.051389
1 0.624089 0.537269 0.029948 0.052315
2 0.480078 0.350231 0.035156 0.056944
0 0.546745 0.433565 0.027344 0.045833
0 0.624609 0.409028 0.027344 0.047685
2 0.386589 0.344676 0.034635 0.057870
2 0.590495 0.338657 0.033594 0.058796
1 0.470182 0.256713 0.029427 0.047685
2 0.451172 0.113194 0.033073 0.053241
2 0.588151 0.272454 0.033594 0.056944
3 0.688672 0.283565 0.036719 0.061574
1 0.652734 0.278009 0.028906 0.049537
3 0.721224 0.391898 0.037760 0.063426
1 0.679036 0.355787 0.029427 0.050463
3 0.674740 0.424306 0.038021 0.063426
3 0.645182 0.339583 0.037760 0.063426
1 0.644661 0.445139 0.029427 0.052315
0 0.625911 0.266898 0.027344 0.044907
