3 0.241927 0.565509 0.035417 0.063426
2 0.284635 0.671991 0.034375 0.060648
0 0.310807 0.435417 0.026823 0.045833
2 0.290234 0.402083 0.033594 0.056019
2 0.486328 0.454398 0.034115 0.059722
2 0.403255 0.643287 0.034115 0.060648
1 0.394792 0.701157 0.029687 0.051389
1 0.413411 0.367824 0.029948 0.049537
3 0.544401 0.768287 0.039323 0.066204
2 0.590234 0.434028 0.034635 0.058796
2 0.363672 0.547454 0.034635 0.059722
0 0.434505 0.582176 0.026823 0.047685
1 0.538932 0.429398 0.029427 0.049537
2 0.586068 0.376157 0.034635 0.056944
2 0.496484 0.537269 0.035156 0.060648
1 0.456901 0.283102 0.029427 0.047685
3 0.510026 0.359491 0.037240 0.063426
3 0.532682 0.243750 0.037240 0.060648
0 0.480078 0.229398 0.026302 0.044907
1 0.453255 0.165509 0.029427 0.044907
3 0.647266 0.412731 0.038281 0.063426
0 0.719922 0.690509 0.028385 0.048611
1 0.590755 0.254861 0.029427 0.048611
1 0.483724 0.184954 0.028385 0.045833
3 0.699609 0.437269 0.037240 0.064352
1 0.557161 0.342824 0.029427 0.050463
0 0.582943 0.325231 0.027344 0.044907
2 0.631120 0.356481 0.033594 0.059259
2 0.667057 0.235880 0.033073 0.056019
0 0.695182 0.384028 0.027344 0.046759
2 0.659245 0.172454 0.033073 0.054167
2 0.537109 0.071991 0.033073 0.053241
0 0.802734 0.335417 0.026302 0.043981
1 0.730078 0.413194 0.028906 0.051389
