1 0.376172 0.766898 0.029427 0.053241
0 0.325391 0.676620 0.026823 0.045833
0 0.502995 0.765972 0.028385 0.047685
0 0.563932 0.646065 0.028385 0.047685
0 0.418099 0.621991 0.027865 0.047685
0 0.470964 0.782639 0.028385 0.047685
2 0.619141 0.665509 0.034115 0.061574
3 0.388151 0.540046 0.037760 0.063426
2 0.336068 0.427083 0.034115 0.058796
2 0.602214 0.598843 0.035156 0.060648
2 0.542318 0.569676 0.034635 0.058796
3 0.593880 0.436343 0.037240 0.063426
2 0.561849 0.461343 0.034635 0.060648
2 0.579818 0.379861 0.034115 0.057870
1 0.454036 0.661343 0.029427 0.052315
2 0.456641 0.454398 0.034635 0.058796
2 0.439193 0.360417 0.034115 0.057870
0 0.444922 0.754861 0.027865 0.048611
1 0.495443 0.662731 0.029948 0.053241
3 0.695443 0.415509 0.036198 0.062500
2 0.503776 0.177546 0.033594 0.054167
1 0.701693 0.471065 0.029948 0.050463
0 0.511068 0.250694 0.027344 0.045833
2 0.654297 0.552546 0.034635 0.060648
1 0.709766 0.366898 0.029427 0.050463
2 0.541276 0.303935 0.034635 0.057870
2 0.587891 0.294213 0.034635 0.057870
0 0.664453 0.412269 0.027344 0.046759
0 0.642578 0.297917 0.026302 0.043981
0 0.610547 0.258102 0.026823 0.044907
