3 0.330339 0.665046 0.037760 0.065278
1 0.368099 0.817361 0.029948 0.053241
3 0.523568 0.597454 0.038281 0.066204
2 0.231120 0.526157 0.033594 0.058796
2 0.319141 0.724306 0.035156 0.057870
1 0.300651 0.367361 0.029427 0.050463
0 0.306380 0.480787 0.027344 0.045833
2 0.481901 0.377546 0.035677 0.057870
1 0.412891 0.582639 0.029948 0.053241
2 0.559505 0.615046 0.035156 0.062500
0 0.427995 0.667361 0.026823 0.048611
3 0.455339 0.419213 0.037760 0.062500
1 0.358724 0.446065 0.029427 0.050463
0 0.400130 0.313657 0.026302 0.045833
1 0.630599 0.492824 0.030469 0.051389
0 0.812109 0.723380 0.026823 0.048611
2 0.697266 0.786806 0.034635 0.063426
1 0.421484 0.148380 0.028385 0.047685
0 0.458464 0.216898 0.026823 0.043056
2 0.428516 0.295139 0.034635 0.055093
1 0.496224 0.176620 0.027865 0.046759
2 0.465755 0.160880 0.034115 0.053241
0 0.683203 0.535880 0.027344 0.047685
3 0.599089 0.239583 0.037760 0.061574
2 0.718880 0.562269 0.034635 0.061574
1 0.659245 0.222454 0.029427 0.047685
3 0.677214 0.286806 0.037240 0.061574
3 0.703776 0.207639 0.036198 0.061574
2 0.606901 0.298843 0.034115 0.056944
0 0.603516 0.093750 0.026823 0.043056
1 0.711458 0.109259 0.028125 0.045370
2 0.641536 0.107176 0.033073 0.053241
