1 0.485547 0.481713 0.029948 0.050463
0 0.463151 0.512269 0.027344 0.046759
0 0.382682 0.659954 0.027344 0.048611
1 0.581380 0.654398 0.029948 0.052315
0 0.505078 0.521528 0.027865 0.047685
0 0.430859 0.512731 0.026823 0.045833
2 0.382422 0.546065 0.035156 0.060648
2 0.480078 0.564120 0.035156 0.061574
1 0.463672 0.431250 0.029948 0.050463
1 0.519401 0.652546 0.030469 0.053241
2 0.433724 0.575231 0.035156 0.059722
2 0.515755 0.457639 0.034115 0.059722
1 0.579818 0.740278 0.029948 0.053704
0 0.634245 0.671991 0.027865 0.049537
2 0.692578 0.657176 0.034115 0.062500
2 0.465755 0.091435 0.033073 0.052315
3 0.641276 0.343287 0.037240 0.063426
1 0.687370 0.479861 0.028906 0.052315
1 0.710026 0.342824 0.028906 0.050463
0 0.524870 0.254398 0.027344 0.045833
1 0.649740 0.184028 0.028125 0.046759
0 0.470964 0.259954 0.026823 0.043981
3 0.671484 0.222454 0.037240 0.059722
3 0.590755 0.220139 0.037240 0.059722
2 0.596745 0.148380 0.033594 0.053241
0 0.703516 0.442130 0.026823 0.047222
2 0.664453 0.279398 0.034635 0.055093
3 0.683984 0.393750 0.037760 0.062500
1 0.788932 0.414120 0.027865 0.048611
