3 0.234245 0.496065 0.036719 0.062500
0 0.324089 0.556713 0.027344 0.046759
3 0.569661 0.376620 0.037240 0.063426
1 0.461979 0.434491 0.030208 0.051389
3 0.426172 0.409954 0.037760 0.063426
3 0.435286 0.472917 0.038281 0.064352
3 0.420182 0.551157 0.037760 0.064352
1 0.330859 0.380324 0.028906 0.048611
0 0.396224 0.628935 0.027865 0.046759
1 0.574349 0.454398 0.030469 0.050463
0 0.465495 0.569676 0.027344 0.048611
0 0.447005 0.697917 0.027344 0.047685
2 0.554557 0.541435 0.034635 0.060648
1 0.519922 0.592824 0.029948 0.051389
2 0.519401 0.420139 0.034635 0.057870
1 0.481901 0.628472 0.029948 0.051389
2 0.518620 0.214583 0.033594 0.055093
1 0.536589 0.358102 0.029948 0.049537
3 0.608724 0.277546 0.037240 0.061574
2 0.604297 0.177546 0.033073 0.054167
1 0.509505 0.341898 0.028385 0.049537
0 0.502995 0.137731 0.026302 0.043056
2 0.641276 0.303704 0.033073 0.057407
1 0.650651 0.248843 0.028385 0.048611
2 0.676693 0.379398 0.033594 0.060648
2 0.633724 0.378009 0.034115 0.057870
0 0.658203 0.441435 0.026823 0.046759
2 0.633594 0.206250 0.032813 0.054167
0 0.727995 0.299306 0.026823 0.044907
1 0.692839 0.103009 0.028906 0.044907
