2 0.276432 0.735417 0.034115 0.059722
1 0.476172 0.469676 0.029948 0.051389
2 0.293620 0.429861 0.033594 0.057870
3 0.515234 0.638194 0.039323 0.066204
3 0.338411 0.497917 0.037240 0.063426
2 0.525911 0.456713 0.034635 0.058796
3 0.364193 0.570602 0.037760 0.065278
1 0.308984 0.521991 0.028385 0.052315
2 0.554427 0.636806 0.035417 0.060648
1 0.446224 0.857639 0.029948 0.055093
0 0.504036 0.503472 0.027344 0.046759
2 0.547005 0.707639 0.036198 0.061574
2 0.441276 0.615972 0.036719 0.059722
3 0.606510 0.433565 0.037500 0.063426
0 0.532161 0.369676 0.026302 0.046759
1 0.582943 0.611343 0.029948 0.055093
1 0.601953 0.105787 0.028385 0.045833
0 0.677995 0.724769 0.027865 0.048611
0 0.401432 0.311806 0.027344 0.044907
3 0.611328 0.328935 0.037760 0.062500
1 0.597266 0.270139 0.028906 0.049537
2 0.570182 0.339120 0.035156 0.057870
0 0.767318 0.722454 0.027865 0.048611
0 0.533464 0.175694 0.026302 0.043981
1 0.673047 0.245602 0.028906 0.048611
2 0.714974 0.590046 0.034635 0.062500
2 0.649349 0.111343 0.033073 0.053241
3 0.638932 0.209028 0.037240 0.059722
2 0.527995 0.042824 0.033073 0.052315
1 0.667318 0.154398 0.028385 0.045833
0 0.550130 0.085880 0.025781 0.042130
1 0.601693 0.060880 0.028385 0.044907
2 0.711589 0.180787 0.033073 0.055093
