0 0.507682 0.408102 0.027344 0.046759
1 0.563932 0.484028 0.029427 0.051389
0 0.592839 0.613657 0.027865 0.048611
1 0.528255 0.548380 0.029948 0.052315
2 0.613932 0.475231 0.035156 0.059722
1 0.587891 0.512731 0.029427 0.051389
2 0.620703 0.549306 0.034115 0.061574
1 0.556901 0.594213 0.029948 0.051389
0 0.581901 0.444213 0.027344 0.046759
0 0.499349 0.362731 0.026823 0.045833
0 0.550391 0.423380 0.027344 0.045833
1 0.569922 0.385880 0.029427 0.050463
0 0.535807 0.365509 0.027865 0.046759
0 0.506901 0.306250 0.025781 0.043981
2 0.729036 0.543750 0.033594 0.060648
3 0.664714 0.551157 0.038281 0.065278
3 0.536849 0.290972 0.037240 0.062500
3 0.663411 0.616435 0.038281 0.065278
2 0.589714 0.287731 0.034635 0.056019
2 0.561719 0.334028 0.034375 0.056019
2 0.683724 0.409954 0.034115 0.058796
2 0.652734 0.285880 0.033594 0.056944
3 0.623047 0.322454 0.036719 0.062500
2 0.574870 0.237731 0.034115 0.056019
1 0.728776 0.408565 0.029427 0.050463
1 0.697526 0.256250 0.029948 0.048611
1 0.594401 0.357176 0.028906 0.049537
0 0.686328 0.353472 0.026823 0.046759
1 0.649609 0.430324 0.030469 0.051389
