0 0.510547 0.482639 0.027865 0.046759
2 0.489974 0.527083 0.035156 0.060648
3 0.274089 0.535417 0.036198 0.062500
1 0.280859 0.724769 0.030469 0.051389
1 0.264193 0.471065 0.029948 0.049537
0 0.243620 0.525694 0.027344 0.046759
2 0.377734 0.762269 0.035156 0.060648
2 0.468880 0.454861 0.034635 0.059722
3 0.604557 0.436343 0.037760 0.063426
2 0.349089 0.422917 0.034635 0.057870
3 0.509766 0.365972 0.037240 0.063426
1 0.614714 0.556713 0.029948 0.052315
1 0.455599 0.511343 0.029948 0.049537
0 0.449609 0.403472 0.027344 0.045833
0 0.567578 0.516435 0.027865 0.046759
2 0.541016 0.401852 0.034115 0.059259
0 0.526432 0.525694 0.027344 0.047685
1 0.452734 0.347917 0.029948 0.048611
2 0.502865 0.432176 0.034896 0.058796
0 0.481120 0.389120 0.026823 0.046759
3 0.634245 0.609954 0.037760 0.066204
1 0.631120 0.515046 0.030469 0.052315
2 0.555078 0.149306 0.034115 0.054167
2 0.518880 0.246991 0.034635 0.055093
1 0.586589 0.316898 0.028385 0.049537
1 0.693620 0.514583 0.029427 0.051389
2 0.600911 0.363194 0.034635 0.058796
1 0.704818 0.417361 0.029427 0.051389
0 0.612370 0.295602 0.026823 0.044907
2 0.635807 0.401620 0.035156 0.059722
3 0.548828 0.342361 0.037240 0.062500
3 0.672266 0.428935 0.037760 0.063426
2 0.748047 0.491898 0.034115 0.060648
