2 0.282682 0.786806 0.033073 0.060648
0 0.309766 0.829861 0.027344 0.048611
0 0.242057 0.725231 0.026823 0.047685
2 0.318620 0.774306 0.033073 0.060648
2 0.269141 0.638194 0.034115 0.061574
1 0.314974 0.482639 0.028906 0.049537
3 0.520182 0.716898 0.038802 0.066204
2 0.537891 0.827083 0.035677 0.063426
0 0.562891 0.754861 0.027865 0.048611
1 0.407161 0.552546 0.029948 0.050463
0 0.492057 0.465509 0.027865 0.047685
0 0.351953 0.421065 0.027344 0.045833
0 0.457422 0.621991 0.028385 0.048611
1 0.544661 0.592361 0.030469 0.053241
2 0.488672 0.632639 0.035156 0.060648
1 0.736849 0.894444 0.030990 0.054630
3 0.666536 0.864120 0.038281 0.067130
0 0.599089 0.257639 0.027344 0.043981
1 0.624609 0.291898 0.028385 0.047685
3 0.542839 0.125694 0.036719 0.056944
1 0.578255 0.149769 0.028906 0.046759
1 0.696484 0.601620 0.029948 0.055093
0 0.618359 0.228472 0.026302 0.043056
2 0.673177 0.162269 0.033854 0.054167
1 0.721484 0.254861 0.029427 0.046759
1 0.696484 0.273380 0.028385 0.047685
3 0.719401 0.041898 0.035677 0.056944
