2 0.301172 0.690046 0.035156 0.061574
2 0.535026 0.749306 0.034635 0.061574
2 0.440755 0.702083 0.035677 0.061574
2 0.451953 0.498380 0.034635 0.057870
2 0.611068 0.614120 0.036198 0.061574
3 0.311849 0.545139 0.036719 0.065278
2 0.580859 0.494213 0.035156 0.059722
2 0.473047 0.340046 0.034635 0.057870
2 0.608203 0.698380 0.035677 0.062500
2 0.578776 0.356713 0.034635 0.059722
2 0.644141 0.524306 0.034635 0.059722
2 0.655339 0.393750 0.033594 0.058796
2 0.589714 0.170602 0.033594 0.055093
2 0.654818 0.234954 0.033594 0.056944
2 0.516797 0.236806 0.033594 0.056019
2 0.721224 0.276157 0.034115 0.055093
