2 0.261849 0.546991 0.033073 0.060648
2 0.481641 0.467361 0.034115 0.058796
2 0.289193 0.633102 0.033594 0.059722
0 0.236849 0.603009 0.026823 0.051389
0 0.405078 0.772454 0.028385 0.049537
1 0.375130 0.785417 0.029948 0.051389
0 0.579557 0.533565 0.027344 0.047685
1 0.320964 0.619213 0.029427 0.053241
0 0.303776 0.583565 0.026302 0.048611
1 0.356380 0.714120 0.030469 0.052315
0 0.595182 0.494676 0.027344 0.047685
1 0.557422 0.419676 0.030469 0.050463
0 0.490234 0.772917 0.027865 0.050463
1 0.441016 0.490046 0.029948 0.050463
0 0.604297 0.668287 0.027865 0.048611
1 0.631641 0.654861 0.029427 0.051389
2 0.570964 0.695139 0.035677 0.062500
1 0.664193 0.666898 0.029948 0.052315
1 0.696224 0.620602 0.029948 0.052315
2 0.633984 0.549306 0.034635 0.060648
2 0.447266 0.194213 0.033594 0.054167
3 0.654036 0.484491 0.037240 0.064352
0 0.667057 0.593287 0.027344 0.048611
3 0.561328 0.101157 0.036198 0.057870
3 0.691536 0.455324 0.037240 0.065278
3 0.569401 0.189120 0.037240 0.059722
2 0.611068 0.336343 0.034635 0.056944
0 0.716536 0.490046 0.026302 0.047685
2 0.679818 0.280556 0.033594 0.058333
