3 0.330859 0.745139 0.037240 0.065278
2 0.304818 0.697917 0.034635 0.059722
2 0.329557 0.647454 0.035156 0.059722
0 0.548047 0.464120 0.027865 0.046759
2 0.412630 0.551157 0.035156 0.059722
1 0.276693 0.460880 0.028385 0.048611
2 0.513151 0.569676 0.035156 0.059722
0 0.382943 0.552083 0.027865 0.046759
1 0.456380 0.725231 0.029948 0.052315
2 0.350911 0.539120 0.034635 0.058796
0 0.542057 0.710880 0.028385 0.049537
1 0.375911 0.503935 0.029948 0.050463
1 0.495964 0.750231 0.030990 0.053241
1 0.359375 0.620602 0.030208 0.051389
1 0.557161 0.511343 0.029948 0.051389
1 0.551432 0.561343 0.029948 0.051389
0 0.607161 0.544676 0.026823 0.047685
2 0.611849 0.380787 0.034115 0.058796
2 0.439714 0.222917 0.034635 0.055093
2 0.469141 0.255324 0.033594 0.056019
3 0.573828 0.286806 0.037760 0.062500
3 0.676172 0.451620 0.037240 0.063426
3 0.643099 0.481713 0.037240 0.065278
0 0.455859 0.306250 0.027344 0.043981
3 0.678516 0.389120 0.037240 0.063426
2 0.524349 0.215509 0.034115 0.056944
1 0.547005 0.255787 0.028385 0.048611
2 0.422005 0.295602 0.033594 0.056019
3 0.642578 0.415972 0.037760 0.064352
2 0.601172 0.323843 0.034115 0.058796
0 0.634766 0.348380 0.026302 0.044907
0 0.755078 0.363657 0.026823 0.045833
1 0.626302 0.291435 0.028646 0.048611
