2 0.342839 0.687731 0.034635 0.059722
1 0.319661 0.650231 0.029427 0.052315
2 0.514974 0.765509 0.034635 0.062500
1 0.405599 0.634954 0.030990 0.052315
0 0.286068 0.425231 0.027344 0.044907
3 0.367057 0.546065 0.037240 0.064352
3 0.550130 0.427083 0.037760 0.063426
1 0.489714 0.608565 0.031510 0.052315
0 0.569401 0.579398 0.028385 0.047685
0 0.469661 0.548380 0.027344 0.047685
1 0.599349 0.432176 0.028385 0.050463
2 0.689193 0.522917 0.035156 0.060648
1 0.616536 0.390509 0.029427 0.047685
0 0.396484 0.340509 0.027865 0.045833
2 0.587370 0.318750 0.034115 0.057870
0 0.542318 0.258102 0.026823 0.044907
3 0.633724 0.295602 0.037240 0.061574
1 0.536068 0.213657 0.029427 0.047685
3 0.712109 0.578472 0.037760 0.065278
2 0.671745 0.330324 0.034635 0.057870
2 0.626693 0.157639 0.033594 0.053241
0 0.622005 0.344676 0.026823 0.045833
0 0.731120 0.503009 0.026823 0.047685
1 0.570182 0.172917 0.028385 0.045833
0 0.593620 0.194676 0.025781 0.042130
1 0.530339 0.310417 0.029427 0.049537
2 0.761068 0.402778 0.033073 0.059259
1 0.648047 0.221991 0.029427 0.046759
2 0.774870 0.145602 0.033073 0.053241
