2 0.521484 0.477546 0.034635 0.060648
1 0.389974 0.726157 0.029948 0.052315
2 0.550911 0.721528 0.035677 0.062500
1 0.412891 0.444676 0.029427 0.050463
3 0.373828 0.665972 0.037760 0.064352
0 0.435807 0.419213 0.027344 0.046759
1 0.464453 0.401157 0.030990 0.049537
0 0.350911 0.609028 0.027865 0.047685
3 0.464714 0.672917 0.039323 0.066204
2 0.428646 0.656250 0.034896 0.059722
1 0.354297 0.502546 0.029427 0.049537
1 0.354818 0.555093 0.028906 0.051852
1 0.459766 0.751620 0.030469 0.052315
2 0.438932 0.360417 0.033594 0.057870
2 0.614714 0.445139 0.034635 0.058796
0 0.640495 0.672454 0.027344 0.048611
2 0.427214 0.078935 0.034115 0.053241
0 0.657943 0.578009 0.027344 0.047685
2 0.510807 0.221991 0.033594 0.056019
0 0.487630 0.257176 0.026302 0.046759
3 0.554297 0.192361 0.036719 0.059722
1 0.465234 0.234028 0.027865 0.048611
3 0.713932 0.696065 0.038802 0.066204
3 0.559375 0.277546 0.036979 0.060648
2 0.644661 0.418750 0.033594 0.059722
0 0.611068 0.256713 0.026823 0.043056
3 0.643359 0.290046 0.036719 0.062500
1 0.617839 0.358796 0.029427 0.050000
2 0.602995 0.207870 0.033594 0.056481
1 0.645703 0.514120 0.029948 0.051389
2 0.699349 0.359028 0.034115 0.058796
2 0.578516 0.142824 0.034115 0.054167
0 0.678776 0.319213 0.027865 0.045833
2 0.679036 0.413657 0.034115 0.058796
