2 0.544271 0.466898 0.033854 0.058796
1 0.321224 0.653472 0.029948 0.049537
0 0.258594 0.694213 0.026562 0.045833
2 0.361068 0.781019 0.034635 0.061111
1 0.493099 0.853472 0.030990 0.056944
1 0.551953 0.405787 0.029948 0.049537
3 0.337109 0.477083 0.037240 0.063426
1 0.340495 0.615046 0.029948 0.049537
1 0.556120 0.621065 0.029948 0.053241
2 0.387891 0.697454 0.035156 0.060648
1 0.580859 0.513194 0.029948 0.051389
1 0.369401 0.624306 0.030469 0.051389
2 0.397005 0.395139 0.035156 0.057870
3 0.563411 0.562731 0.038802 0.064352
2 0.366797 0.527083 0.035156 0.058796
3 0.488672 0.656250 0.038281 0.066204
1 0.482422 0.459491 0.029948 0.050463
2 0.529557 0.652083 0.035677 0.062500
0 0.432943 0.691898 0.027344 0.048611
2 0.485286 0.383565 0.034635 0.058796
0 0.464714 0.345602 0.026823 0.044907
0 0.574609 0.461343 0.026823 0.048611
3 0.570964 0.358102 0.038281 0.062500
0 0.581380 0.413657 0.027865 0.047685
2 0.608464 0.444676 0.035156 0.059722
2 0.456901 0.297917 0.033594 0.056944
2 0.577474 0.299769 0.033073 0.056019
1 0.510807 0.351620 0.029948 0.049537
0 0.535286 0.322454 0.027344 0.044907
2 0.518620 0.225694 0.033594 0.055093
3 0.680599 0.315509 0.037760 0.062500
0 0.696484 0.263657 0.027344 0.044907
2 0.807682 0.404861 0.033594 0.057870
3 0.720703 0.375231 0.037240 0.063426
