0 0.330599 0.750694 0.026823 0.048611
0 0.314714 0.666898 0.027344 0.047685
1 0.380078 0.692361 0.028906 0.050463
1 0.557682 0.525231 0.030469 0.052315
2 0.356901 0.595602 0.035156 0.059722
3 0.382161 0.534028 0.037760 0.066204
1 0.564193 0.643750 0.029948 0.052315
0 0.335547 0.373843 0.026823 0.045833
2 0.439453 0.440509 0.035156 0.059722
1 0.341667 0.673843 0.029687 0.052315
2 0.592839 0.534954 0.034115 0.062500
1 0.602474 0.590972 0.029948 0.052315
0 0.549349 0.704398 0.027865 0.047685
2 0.507161 0.538194 0.035156 0.060648
1 0.602214 0.464583 0.029427 0.053241
3 0.525911 0.395139 0.038281 0.063426
1 0.566536 0.422454 0.029427 0.050463
3 0.532682 0.249769 0.037240 0.061574
1 0.425130 0.271991 0.028906 0.047685
3 0.602995 0.308102 0.036198 0.062500
2 0.638932 0.469213 0.034635 0.060648
3 0.668229 0.350231 0.037500 0.061574
1 0.573828 0.285417 0.028906 0.048611
0 0.495182 0.259954 0.026823 0.044907
3 0.693099 0.396528 0.037760 0.063426
2 0.575391 0.234491 0.034115 0.056019
0 0.656641 0.293287 0.026823 0.045833
2 0.704818 0.473843 0.034115 0.059722
0 0.630599 0.287500 0.026302 0.043519
2 0.752474 0.377083 0.034115 0.058796
