0 0.210286 0.768287 0.025260 0.046759
0 0.176432 0.628935 0.024740 0.047685
1 0.201172 0.595139 0.028385 0.051389
0 0.199609 0.642361 0.025781 0.050463
1 0.238932 0.691898 0.029427 0.051389
0 0.226432 0.608565 0.026302 0.046759
0 0.249089 0.646065 0.026302 0.045833
2 0.604036 0.766898 0.035677 0.061574
2 0.578516 0.515509 0.035156 0.060648
2 0.477995 0.790972 0.035677 0.062500
2 0.376172 0.653009 0.035156 0.061574
2 0.467578 0.603935 0.036719 0.061574
2 0.633984 0.384954 0.034115 0.059722
2 0.474609 0.438657 0.035156 0.058796
2 0.645182 0.562731 0.034115 0.061574
2 0.492318 0.276620 0.035156 0.057870
3 0.589844 0.255787 0.036979 0.059722
