1 0.404297 0.454861 0.029948 0.050463
3 0.328646 0.601157 0.037500 0.065278
2 0.399089 0.623843 0.035677 0.060648
0 0.370443 0.721065 0.026823 0.048611
0 0.476172 0.726620 0.027865 0.048611
2 0.343880 0.394213 0.034115 0.056944
3 0.372005 0.665046 0.037240 0.065278
2 0.406641 0.733102 0.035677 0.060648
0 0.585286 0.470139 0.027344 0.046759
2 0.451172 0.624769 0.035156 0.061574
0 0.476693 0.775694 0.027344 0.048611
2 0.552474 0.492824 0.034635 0.060648
2 0.619141 0.689120 0.034115 0.062500
2 0.396745 0.515509 0.034635 0.058796
0 0.432943 0.458565 0.027865 0.045833
0 0.425911 0.553009 0.027344 0.046759
2 0.603516 0.530787 0.034635 0.061574
2 0.529297 0.662269 0.035156 0.061574
2 0.621484 0.445602 0.034635 0.059722
2 0.540495 0.416435 0.034635 0.058796
2 0.338151 0.471065 0.034635 0.058796
0 0.570182 0.403472 0.027344 0.047685
0 0.414714 0.359954 0.027344 0.045833
0 0.620182 0.620602 0.027344 0.048611
0 0.485807 0.620602 0.028385 0.047685
1 0.614193 0.320602 0.029427 0.048611
0 0.641276 0.490509 0.026823 0.047685
2 0.517839 0.294213 0.034115 0.056944
3 0.492318 0.503935 0.038281 0.064352
1 0.418359 0.312269 0.029427 0.049537
3 0.647135 0.321528 0.036458 0.062500
0 0.656641 0.444676 0.026823 0.048611
0 0.669141 0.362269 0.027344 0.045833
1 0.692839 0.385880 0.028906 0.048611
2 0.552214 0.251620 0.034115 0.056019
2 0.663151 0.228472 0.033073 0.056019
0 0.588672 0.297917 0.026302 0.045833
0 0.597005 0.214120 0.026823 0.043981
2 0.675130 0.546065 0.034115 0.060648
1 0.622266 0.249306 0.028906 0.048611
1 0.548828 0.178009 0.028906 0.047685
