2 0.518359 0.650694 0.034635 0.060648
3 0.508984 0.587731 0.038802 0.065278
1 0.534505 0.512731 0.030469 0.048611
3 0.612109 0.707639 0.038281 0.066204
0 0.588932 0.592361 0.026823 0.045833
0 0.608984 0.532639 0.027865 0.046759
2 0.478255 0.490046 0.034115 0.058796
3 0.648568 0.663657 0.037760 0.066204
0 0.583203 0.547454 0.026823 0.047685
3 0.452474 0.598380 0.038802 0.065278
1 0.563672 0.511806 0.029427 0.051389
0 0.497266 0.744213 0.028385 0.047685
3 0.557161 0.613194 0.038281 0.067130
1 0.526432 0.449769 0.029948 0.050463
0 0.572266 0.680787 0.027344 0.048611
2 0.638672 0.756713 0.035677 0.062500
2 0.646875 0.817361 0.035417 0.062500
2 0.442839 0.492361 0.035156 0.058796
2 0.620313 0.582639 0.034896 0.060648
3 0.641016 0.509954 0.038281 0.065278
1 0.389453 0.331713 0.029427 0.047685
1 0.493359 0.187731 0.028385 0.047685
0 0.524609 0.365509 0.027344 0.045833
1 0.730339 0.614120 0.030469 0.052315
2 0.512370 0.227546 0.034635 0.055093
0 0.551693 0.357639 0.026823 0.045833
1 0.690755 0.594676 0.029427 0.054167
2 0.618620 0.362963 0.034115 0.059259
1 0.686849 0.669676 0.029948 0.052315
1 0.817057 0.472917 0.028906 0.051389
