0 0.341536 0.846065 0.027865 0.046759
2 0.316016 0.630787 0.034115 0.058796
1 0.312370 0.572454 0.029948 0.051389
3 0.574870 0.571991 0.038281 0.066204
2 0.404297 0.637269 0.035156 0.061574
2 0.311328 0.513194 0.034115 0.056944
2 0.377214 0.703472 0.035677 0.059722
0 0.292708 0.454861 0.026562 0.046759
1 0.572786 0.488194 0.029948 0.050463
0 0.368620 0.611343 0.027344 0.046759
1 0.327734 0.416435 0.028385 0.049537
3 0.578255 0.649769 0.038802 0.066204
2 0.439714 0.662269 0.035156 0.059722
1 0.602734 0.497917 0.029427 0.052315
2 0.358984 0.549769 0.035156 0.058796
0 0.536589 0.595139 0.027865 0.047685
1 0.582682 0.440509 0.030469 0.051389
3 0.575391 0.381713 0.037240 0.063426
2 0.609766 0.403472 0.034115 0.060648
2 0.409766 0.466435 0.035156 0.058796
1 0.632943 0.508102 0.029948 0.051389
3 0.565495 0.314583 0.037760 0.063426
1 0.478255 0.229398 0.028385 0.048611
2 0.686589 0.724769 0.035677 0.062500
0 0.638672 0.365972 0.026823 0.047685
1 0.529557 0.252083 0.029427 0.048611
2 0.489193 0.289120 0.034115 0.056019
0 0.473047 0.350231 0.027344 0.044907
3 0.670703 0.490046 0.037760 0.065278
0 0.476953 0.165509 0.026302 0.043056
2 0.560547 0.255093 0.033073 0.055556
3 0.606120 0.263657 0.036719 0.060648
2 0.557682 0.192361 0.034115 0.055093
1 0.615755 0.173380 0.028906 0.046759
