0 0.482422 0.472917 0.027344 0.046759
2 0.416016 0.562269 0.035156 0.060648
2 0.323047 0.487731 0.034115 0.057870
3 0.373828 0.585880 0.037760 0.066204
0 0.454818 0.487269 0.027344 0.047685
2 0.399609 0.697454 0.035156 0.060648
2 0.359505 0.515972 0.034635 0.059722
2 0.371745 0.359028 0.034635 0.056944
1 0.525391 0.446991 0.029427 0.052315
0 0.427995 0.646065 0.028385 0.048611
0 0.381120 0.409028 0.026823 0.045833
1 0.340755 0.559954 0.030469 0.050463
1 0.349870 0.406713 0.028906 0.047685
2 0.515755 0.626620 0.035677 0.060648
1 0.481901 0.419676 0.029427 0.050463
2 0.523828 0.547917 0.034115 0.059722
0 0.581380 0.504861 0.027344 0.048611
0 0.457161 0.440046 0.026823 0.046759
0 0.499609 0.362731 0.026823 0.046759
3 0.679818 0.502546 0.037240 0.065278
1 0.606641 0.485417 0.029948 0.050463
2 0.636328 0.578472 0.034635 0.059722
3 0.644141 0.517824 0.036719 0.064352
3 0.634505 0.350231 0.036719 0.061574
2 0.624870 0.435880 0.033073 0.059722
2 0.513672 0.241435 0.034635 0.056019
2 0.527734 0.296065 0.034115 0.056944
2 0.676693 0.422917 0.034115 0.059722
1 0.652214 0.461343 0.029427 0.051389
1 0.587891 0.344676 0.030469 0.048611
1 0.666536 0.358565 0.028906 0.049537
3 0.713932 0.528472 0.037240 0.065278
1 0.780599 0.377546 0.029427 0.050463
3 0.747526 0.307639 0.036198 0.063426
