2 0.275911 0.903935 0.036719 0.066204
1 0.239974 0.573380 0.029948 0.050463
0 0.261589 0.544676 0.026302 0.047685
3 0.546224 0.417824 0.038281 0.064352
0 0.197526 0.470602 0.026302 0.044907
1 0.297266 0.636343 0.028906 0.053241
0 0.349609 0.729398 0.027344 0.046759
2 0.423307 0.607176 0.035677 0.059722
1 0.453516 0.732176 0.029948 0.054167
2 0.435547 0.786574 0.034115 0.061111
2 0.412370 0.490046 0.035677 0.059722
3 0.574089 0.491898 0.037240 0.064352
1 0.481380 0.383102 0.028906 0.049537
2 0.466276 0.529861 0.035156 0.060648
2 0.457422 0.625694 0.034635 0.060648
1 0.605599 0.474769 0.029948 0.051389
1 0.483724 0.480324 0.029948 0.051389
2 0.578776 0.388657 0.035156 0.057870
2 0.615234 0.375231 0.034635 0.058796
1 0.508464 0.451620 0.029427 0.049537
0 0.492318 0.644213 0.027865 0.048611
2 0.707422 0.640046 0.034635 0.062500
2 0.629557 0.440972 0.033594 0.060648
3 0.562370 0.229398 0.036719 0.060648
1 0.712109 0.357639 0.029427 0.049537
3 0.449349 0.224306 0.037240 0.059722
0 0.461589 0.177083 0.026823 0.043981
1 0.682943 0.388194 0.029427 0.051389
3 0.733724 0.478935 0.037760 0.064352
2 0.505339 0.196528 0.034115 0.054167
0 0.624609 0.318750 0.026302 0.045833
2 0.517057 0.266898 0.034115 0.057870
0 0.590495 0.298843 0.026823 0.045833
2 0.664714 0.436343 0.034635 0.058796
