2 0.249609 0.826620 0.034115 0.058796
2 0.254818 0.584491 0.033073 0.061574
2 0.604818 0.800231 0.035677 0.062500
2 0.553776 0.637269 0.036719 0.060648
2 0.507682 0.841435 0.034635 0.063426
2 0.401432 0.616898 0.035677 0.059722
2 0.494922 0.455787 0.035156 0.057870
2 0.698307 0.752083 0.035156 0.063426
2 0.642318 0.143750 0.033594 0.054167
2 0.512891 0.176620 0.033594 0.055093
0 0.811589 0.159491 0.025260 0.045833
0 0.785807 0.165509 0.025260 0.043056
0 0.780339 0.228009 0.026302 0.043056
0 0.792318 0.127546 0.024740 0.041204
3 0.815495 0.244676 0.035677 0.058796
1 0.747005 0.196991 0.028385 0.047685
2 0.763411 0.130324 0.034115 0.058796
0 0.737891 0.048380 0.024740 0.041204
1 0.726432 0.084491 0.028385 0.045833
0 0.759245 0.081250 0.027344 0.044907
0 0.786849 0.044676 0.027865 0.043056
0 0.735807 0.143287 0.025781 0.042130
0 0.794922 0.086806 0.026823 0.044907
0 0.526563 0.183102 0.023958 0.049537
