3 0.259245 0.565046 0.036198 0.064352
3 0.453776 0.553009 0.038802 0.065278
2 0.279297 0.613657 0.032031 0.058796
2 0.283203 0.519676 0.034115 0.056944
2 0.272135 0.671528 0.034375 0.059722
2 0.494401 0.707176 0.035156 0.061574
1 0.560026 0.486343 0.029948 0.052315
1 0.394141 0.533102 0.030469 0.050463
0 0.425651 0.451157 0.027344 0.046759
1 0.404687 0.668287 0.030729 0.052315
0 0.565755 0.688194 0.028385 0.049537
2 0.459766 0.726157 0.036198 0.062500
1 0.483724 0.459491 0.028385 0.050463
2 0.571745 0.404398 0.034635 0.058796
3 0.560026 0.593750 0.039323 0.065278
2 0.623047 0.440046 0.034115 0.058796
3 0.486849 0.333102 0.037240 0.062500
2 0.519922 0.315509 0.034115 0.056019
1 0.534505 0.213657 0.029948 0.046759
2 0.578776 0.250231 0.034115 0.056944
2 0.661589 0.543750 0.035156 0.061574
2 0.654297 0.482176 0.034115 0.060648
0 0.445443 0.309028 0.026302 0.045833
3 0.656641 0.411806 0.037240 0.063426
0 0.697005 0.529861 0.027344 0.047685
0 0.595703 0.331713 0.026823 0.044907
1 0.514453 0.176157 0.029427 0.046759
1 0.686849 0.456250 0.029427 0.050463
0 0.544922 0.282639 0.026823 0.045833
3 0.677995 0.150694 0.035677 0.059722
1 0.702474 0.329861 0.028906 0.048611
1 0.692057 0.261343 0.028906 0.049537
2 0.717448 0.492361 0.033854 0.058796
0 0.716276 0.173843 0.025781 0.043981
