0 0.245833 0.656250 0.027604 0.048611
3 0.239193 0.537269 0.035677 0.062500
0 0.505339 0.775463 0.027344 0.048148
0 0.270052 0.518519 0.027604 0.044444
0 0.556120 0.700694 0.027865 0.048611
0 0.498828 0.593750 0.028385 0.048611
2 0.471484 0.648843 0.035156 0.060648
1 0.555859 0.492361 0.029948 0.050463
1 0.239063 0.432639 0.028125 0.046759
1 0.550391 0.573843 0.030469 0.052315
1 0.587240 0.655787 0.030729 0.052315
2 0.380078 0.466898 0.034635 0.058796
3 0.580078 0.544213 0.038281 0.065278
2 0.489453 0.419213 0.034635 0.059722
0 0.634245 0.706713 0.027865 0.048611
2 0.649349 0.488194 0.034635 0.059722
1 0.747266 0.709028 0.029427 0.054167
1 0.431641 0.203935 0.029427 0.045833
0 0.619401 0.224769 0.026823 0.044907
2 0.479818 0.270139 0.033594 0.055093
1 0.475130 0.212731 0.028906 0.048611
2 0.665755 0.246528 0.033594 0.056944
3 0.511589 0.531250 0.037760 0.064352
1 0.714714 0.343750 0.028385 0.050463
0 0.670964 0.295139 0.026823 0.043981
3 0.669141 0.189583 0.036719 0.059722
0 0.806901 0.511343 0.026823 0.047685
2 0.703776 0.276620 0.034115 0.056944
