2 0.305859 0.596528 0.033594 0.059722
3 0.476953 0.362963 0.037760 0.062963
0 0.337891 0.413194 0.026823 0.045833
2 0.380599 0.560417 0.034635 0.059722
2 0.377734 0.432639 0.034115 0.059722
1 0.448568 0.780324 0.030469 0.055093
1 0.383724 0.486343 0.030469 0.049537
2 0.366016 0.630324 0.035677 0.058796
0 0.428776 0.519213 0.027865 0.047685
0 0.356120 0.513194 0.027344 0.045833
2 0.563411 0.365046 0.034115 0.058796
0 0.361068 0.390741 0.026302 0.044444
1 0.544141 0.417361 0.029948 0.050463
2 0.447266 0.698148 0.035156 0.061111
1 0.517578 0.382639 0.029427 0.051389
0 0.602734 0.379861 0.027344 0.046759
0 0.607422 0.424306 0.027865 0.043981
1 0.617839 0.546065 0.029427 0.053241
0 0.616016 0.467361 0.027344 0.045833
2 0.657943 0.583102 0.034635 0.060648
3 0.675911 0.503472 0.037240 0.065278
2 0.513932 0.305324 0.034635 0.057870
1 0.605599 0.333102 0.028906 0.048611
2 0.679557 0.428241 0.034115 0.059259
1 0.461068 0.315972 0.029427 0.049537
3 0.648047 0.332870 0.036198 0.062037
1 0.710807 0.529398 0.028906 0.050463
2 0.486068 0.240046 0.033594 0.056019
3 0.647786 0.461111 0.036198 0.063889
3 0.641536 0.266435 0.037240 0.061574
2 0.678125 0.371065 0.034375 0.058796
1 0.683464 0.281713 0.029427 0.049537
3 0.741797 0.512731 0.036719 0.064352
2 0.634245 0.387731 0.035156 0.056944
