1 0.396745 0.436806 0.028906 0.048611
1 0.375130 0.544213 0.030469 0.050463
0 0.360807 0.655324 0.027344 0.046759
0 0.486589 0.781713 0.027865 0.047685
1 0.460286 0.744213 0.029948 0.052315
0 0.358203 0.399769 0.026823 0.044907
1 0.421224 0.669676 0.030469 0.053241
3 0.457943 0.442824 0.037760 0.064352
0 0.351172 0.457176 0.026823 0.045833
2 0.451172 0.607639 0.036198 0.061574
2 0.383203 0.609954 0.036198 0.059722
1 0.610807 0.406713 0.028906 0.049537
3 0.443620 0.318750 0.037760 0.062500
2 0.621224 0.539120 0.034115 0.061574
3 0.471224 0.514583 0.038281 0.064352
2 0.569401 0.338657 0.034635 0.056944
0 0.692057 0.353935 0.027344 0.044907
0 0.670443 0.464120 0.026302 0.046759
2 0.506901 0.116435 0.033594 0.053241
1 0.668099 0.395602 0.029427 0.049537
2 0.711849 0.310880 0.033594 0.057870
2 0.597005 0.248843 0.034635 0.056019
0 0.716536 0.408565 0.026823 0.046759
0 0.599870 0.171528 0.026302 0.043056
3 0.698828 0.156250 0.036198 0.059722
1 0.682422 0.206713 0.028906 0.047685
1 0.643620 0.424306 0.030469 0.050463
1 0.692318 0.078472 0.028385 0.045833
2 0.744401 0.296065 0.033073 0.056944
