1 0.308984 0.717361 0.029427 0.052315
2 0.368620 0.836806 0.035677 0.059722
2 0.491276 0.855324 0.035677 0.064352
1 0.311589 0.636806 0.028906 0.051389
1 0.404818 0.628009 0.030469 0.050463
0 0.332161 0.527083 0.027344 0.045833
3 0.389453 0.513657 0.037760 0.063426
3 0.522266 0.484491 0.038281 0.064352
2 0.339453 0.692824 0.035156 0.060648
2 0.601953 0.465278 0.034115 0.060185
0 0.555078 0.626620 0.028385 0.048611
1 0.328776 0.595602 0.029427 0.052315
1 0.621484 0.694213 0.031510 0.054167
0 0.322266 0.484954 0.027865 0.045833
2 0.517839 0.413657 0.034635 0.058796
2 0.457943 0.539120 0.034635 0.061574
0 0.428255 0.440046 0.027865 0.046759
3 0.566797 0.704861 0.038802 0.066204
0 0.536328 0.534491 0.027344 0.047685
1 0.610286 0.520833 0.029427 0.051852
1 0.581641 0.406250 0.029427 0.049537
0 0.463411 0.593287 0.026823 0.048611
2 0.660807 0.690972 0.035156 0.061574
1 0.641276 0.742361 0.029948 0.052315
3 0.659505 0.547454 0.038281 0.065278
3 0.386589 0.343750 0.037760 0.061574
0 0.616536 0.343750 0.027344 0.045833
3 0.732161 0.294676 0.036719 0.062500
1 0.687891 0.507176 0.029427 0.053241
2 0.510807 0.356250 0.034635 0.056944
2 0.671224 0.197454 0.033594 0.055093
2 0.784505 0.317361 0.033594 0.055093
