0 0.236849 0.664120 0.026302 0.046759
3 0.287891 0.650694 0.037240 0.063426
3 0.337891 0.634954 0.038281 0.065278
3 0.505599 0.770833 0.038802 0.066667
1 0.252734 0.555324 0.029427 0.048611
2 0.318359 0.584491 0.035156 0.059722
3 0.529557 0.684028 0.038802 0.067130
1 0.433203 0.691435 0.030469 0.051389
1 0.356901 0.369213 0.028906 0.050463
1 0.455859 0.724306 0.030990 0.053241
2 0.766276 0.843750 0.034635 0.061574
2 0.468099 0.383565 0.035156 0.057870
1 0.383073 0.253472 0.029167 0.048611
0 0.636328 0.791435 0.027865 0.047685
2 0.387109 0.304398 0.034635 0.056019
2 0.541797 0.286343 0.034635 0.056944
2 0.576432 0.219676 0.033594 0.055093
2 0.609505 0.198380 0.033594 0.055093
1 0.656120 0.459954 0.028906 0.050463
2 0.548047 0.353935 0.034635 0.058796
1 0.523047 0.151620 0.028906 0.046759
1 0.672786 0.366435 0.028906 0.051389
3 0.636458 0.400694 0.037500 0.062500
0 0.511328 0.293287 0.026823 0.044907
2 0.588151 0.140972 0.033594 0.054167
1 0.452474 0.301157 0.029427 0.048611
0 0.681901 0.413657 0.026302 0.045833
0 0.628255 0.473380 0.026823 0.046759
2 0.543359 0.071065 0.033594 0.052315
0 0.662109 0.178472 0.026823 0.042130
2 0.692057 0.469213 0.034115 0.059722
3 0.667318 0.309491 0.037760 0.061574
2 0.617318 0.341898 0.033073 0.057870
0 0.802734 0.382176 0.026302 0.046759
