1 0.274870 0.775231 0.027865 0.052315
1 0.540234 0.572917 0.031510 0.051389
2 0.376172 0.653472 0.035677 0.059722
2 0.519661 0.621991 0.034635 0.061574
1 0.582422 0.848843 0.030990 0.053241
0 0.357943 0.388657 0.026823 0.047685
1 0.383724 0.503935 0.030469 0.050463
1 0.425651 0.746065 0.030990 0.053241
0 0.555859 0.527546 0.027865 0.048611
2 0.470443 0.439583 0.035156 0.058796
2 0.610286 0.481713 0.033594 0.059722
0 0.367057 0.461343 0.027344 0.045833
0 0.600391 0.539583 0.026823 0.048611
3 0.629557 0.398843 0.037240 0.063426
1 0.524609 0.694676 0.029948 0.054167
3 0.583984 0.597454 0.038802 0.065278
2 0.416797 0.445602 0.034635 0.058796
0 0.529427 0.528472 0.027083 0.046759
2 0.513151 0.409491 0.035156 0.057870
1 0.437370 0.538657 0.029427 0.050463
2 0.507161 0.565509 0.035156 0.060648
2 0.384896 0.282176 0.034375 0.057870
3 0.427995 0.337269 0.037760 0.061574
0 0.450391 0.283102 0.026302 0.043981
3 0.540755 0.238194 0.037240 0.061574
2 0.634766 0.572917 0.034635 0.060648
2 0.685026 0.608102 0.035156 0.062500
3 0.455339 0.231250 0.037240 0.060648
2 0.569401 0.343750 0.034635 0.057870
1 0.631641 0.309954 0.029427 0.048611
0 0.643099 0.457176 0.027344 0.046759
1 0.708854 0.424769 0.028646 0.049537
3 0.675651 0.431250 0.037240 0.063426
2 0.568359 0.128009 0.034115 0.053241
