0 0.431641 0.374306 0.026823 0.045833
1 0.320703 0.668287 0.029427 0.050463
2 0.362370 0.562269 0.034635 0.059722
2 0.241797 0.493287 0.033073 0.056944
1 0.287370 0.506250 0.028906 0.047685
2 0.311849 0.472917 0.033594 0.057870
3 0.567578 0.600231 0.038281 0.065278
0 0.308464 0.553009 0.026823 0.046759
1 0.286068 0.599769 0.029427 0.049537
3 0.368229 0.386343 0.036979 0.062500
2 0.399349 0.776157 0.035156 0.061574
2 0.386328 0.639583 0.036198 0.061574
1 0.333594 0.586806 0.029167 0.048611
3 0.579818 0.369676 0.037760 0.062500
0 0.563151 0.436806 0.027344 0.046759
0 0.588151 0.421991 0.026823 0.046759
2 0.480859 0.380787 0.034115 0.058796
1 0.610807 0.585417 0.030469 0.052315
1 0.476953 0.606250 0.029948 0.053241
3 0.648307 0.395602 0.035677 0.064352
2 0.520703 0.292361 0.034115 0.056019
2 0.659505 0.537269 0.034635 0.060648
3 0.468880 0.252546 0.037760 0.060648
1 0.617057 0.467361 0.029427 0.051389
2 0.653776 0.248843 0.034115 0.056019
2 0.589974 0.276157 0.033073 0.056019
0 0.605078 0.335417 0.027344 0.044907
2 0.557682 0.291435 0.033594 0.056944
0 0.645703 0.460880 0.027344 0.046759
3 0.637370 0.333565 0.037240 0.062500
0 0.672005 0.430324 0.027344 0.046759
1 0.629297 0.205787 0.029427 0.046759
1 0.734245 0.211343 0.028906 0.047685
