1 0.315885 0.746528 0.029167 0.051389
1 0.345443 0.739583 0.029948 0.051389
2 0.320182 0.457176 0.034115 0.057870
1 0.339453 0.404861 0.029948 0.050463
0 0.438932 0.713194 0.027865 0.048611
2 0.603516 0.577546 0.035156 0.060648
0 0.571484 0.610880 0.027865 0.047685
1 0.480599 0.360880 0.030469 0.049537
0 0.501432 0.649769 0.027865 0.048611
1 0.579818 0.539583 0.029427 0.051389
1 0.559766 0.485880 0.029427 0.051389
1 0.599609 0.426620 0.029427 0.051389
0 0.608724 0.476157 0.026823 0.045833
2 0.447526 0.381713 0.034635 0.057870
1 0.647005 0.464120 0.028385 0.051389
0 0.726953 0.625231 0.026823 0.047685
2 0.693359 0.586343 0.034635 0.060648
2 0.752344 0.463657 0.033333 0.058796
3 0.649609 0.522454 0.037240 0.064352
3 0.631901 0.413657 0.037760 0.062500
2 0.514193 0.176620 0.034635 0.054167
3 0.724870 0.367824 0.037240 0.062500
1 0.605078 0.271065 0.029948 0.048611
0 0.668099 0.306250 0.026823 0.045833
0 0.703516 0.413194 0.027344 0.046759
2 0.704818 0.117361 0.033073 0.053241
3 0.681380 0.173380 0.035677 0.060648
2 0.705599 0.251157 0.034115 0.056944
0 0.718880 0.078472 0.025781 0.042130
1 0.833203 0.936806 0.044010 0.030093
0 0.174349 0.421528 0.032552 0.035648
