3 0.597526 0.863657 0.039323 0.068056
2 0.442839 0.378935 0.034635 0.058796
1 0.508203 0.782639 0.028906 0.053241
3 0.472005 0.660880 0.038802 0.066204
0 0.530339 0.750231 0.027865 0.049537
0 0.534766 0.687269 0.028385 0.047685
3 0.693099 0.866898 0.038802 0.068056
1 0.612891 0.772454 0.030469 0.053241
0 0.543880 0.606250 0.027344 0.048611
0 0.536198 0.797454 0.028125 0.048611
2 0.754297 0.788194 0.033594 0.062500
2 0.490234 0.593287 0.035677 0.060648
1 0.722005 0.792361 0.031510 0.054167
1 0.657161 0.852083 0.029427 0.053241
1 0.561849 0.551620 0.029948 0.051389
0 0.399349 0.490046 0.027344 0.046759
1 0.639714 0.677546 0.030469 0.053241
2 0.646224 0.760880 0.034635 0.061574
1 0.634245 0.817361 0.029948 0.053241
0 0.688411 0.768287 0.027344 0.049537
3 0.482943 0.323843 0.037240 0.061574
2 0.642057 0.496991 0.034635 0.060648
2 0.582161 0.350231 0.034635 0.058796
2 0.676693 0.177546 0.033594 0.055093
2 0.669922 0.417361 0.034115 0.058796
0 0.739193 0.464583 0.027344 0.046759
1 0.685547 0.603935 0.030469 0.052315
1 0.710547 0.630787 0.029427 0.053241
0 0.560807 0.258565 0.027344 0.045833
