0 0.337109 0.822454 0.027344 0.047685
2 0.317318 0.636343 0.034635 0.061574
2 0.304818 0.486806 0.034115 0.056944
1 0.460807 0.449769 0.029948 0.051389
2 0.365234 0.542361 0.035677 0.058796
3 0.536849 0.476620 0.037760 0.064352
0 0.430078 0.371528 0.027344 0.045833
0 0.392318 0.569676 0.027865 0.046759
2 0.490495 0.767361 0.035677 0.062500
2 0.414974 0.534028 0.035156 0.059722
2 0.599089 0.459954 0.034115 0.058796
0 0.586328 0.733333 0.027865 0.050000
2 0.545182 0.415972 0.035156 0.059722
1 0.598828 0.393750 0.029948 0.051389
1 0.479297 0.367361 0.028906 0.049537
2 0.453776 0.268750 0.033073 0.056019
0 0.420703 0.294676 0.026823 0.043981
1 0.410807 0.337731 0.029948 0.047685
3 0.545703 0.221991 0.037760 0.061574
3 0.667057 0.565972 0.038281 0.065278
3 0.631901 0.351157 0.037240 0.062500
1 0.733724 0.594213 0.029948 0.051389
2 0.649089 0.165972 0.033594 0.054167
2 0.480339 0.303472 0.033594 0.056944
1 0.596484 0.342361 0.028906 0.048611
3 0.653906 0.297917 0.036458 0.062500
3 0.690625 0.309028 0.035937 0.061574
2 0.614062 0.174306 0.033854 0.054167
2 0.619661 0.285880 0.034635 0.057870
0 0.712109 0.410417 0.026823 0.045833
1 0.645182 0.230787 0.029427 0.047685
1 0.580859 0.231250 0.028906 0.047685
0 0.654297 0.410880 0.026823 0.046759
1 0.596484 0.069676 0.027865 0.044907
