3 0.571484 0.578935 0.037760 0.066204
2 0.510286 0.671528 0.035156 0.060648
2 0.595703 0.621991 0.039323 0.062500
2 0.547526 0.528935 0.035677 0.053241
2 0.583724 0.486806 0.034115 0.056019
0 0.552995 0.490509 0.027865 0.043981
2 0.539453 0.710417 0.036719 0.060648
2 0.556641 0.640046 0.038802 0.068056
2 0.502214 0.616435 0.035156 0.052315
0 0.585807 0.676620 0.027865 0.043056
2 0.609766 0.566898 0.035156 0.061574
2 0.567578 0.454861 0.035156 0.058796
2 0.497266 0.571991 0.041406 0.068981
3 0.538411 0.582639 0.036198 0.059722
0 0.525391 0.541435 0.022656 0.033796
3 0.673828 0.104861 0.035677 0.057870
2 0.750391 0.107176 0.032552 0.053241
0 0.565755 0.681250 0.026823 0.032870
2 0.582682 0.525694 0.035677 0.041204
0 0.539193 0.671528 0.024219 0.027315
