1 0.496224 0.480787 0.029427 0.050463
0 0.377474 0.855324 0.027865 0.048611
1 0.299609 0.767361 0.028906 0.052315
2 0.525391 0.554398 0.034635 0.059722
0 0.288151 0.627083 0.027344 0.045833
3 0.545443 0.503009 0.038281 0.065278
1 0.602474 0.671991 0.030469 0.052315
3 0.579297 0.537731 0.037760 0.064352
2 0.395703 0.544907 0.034635 0.059259
1 0.312630 0.534491 0.029948 0.048611
0 0.267057 0.401620 0.026302 0.045833
2 0.404557 0.631250 0.036198 0.060648
2 0.518359 0.670370 0.035677 0.061111
2 0.335026 0.624769 0.034635 0.059722
0 0.333724 0.564583 0.027344 0.045833
1 0.556120 0.579398 0.030990 0.051389
2 0.464714 0.637269 0.036198 0.060648
2 0.425911 0.681713 0.035156 0.060648
2 0.578776 0.474306 0.035156 0.060648
2 0.372526 0.597454 0.034635 0.058796
2 0.556641 0.387269 0.034115 0.058796
3 0.449349 0.447454 0.037760 0.063426
0 0.579818 0.421065 0.027344 0.046759
2 0.486458 0.739583 0.035417 0.060648
1 0.592057 0.591435 0.030469 0.052315
0 0.581120 0.736806 0.027865 0.047685
1 0.484245 0.394213 0.028906 0.049537
1 0.476172 0.582639 0.028906 0.052315
3 0.626693 0.618287 0.038281 0.065278
3 0.439193 0.357639 0.037240 0.060648
2 0.610026 0.446991 0.035156 0.058796
0 0.649349 0.551157 0.027344 0.048611
3 0.556901 0.268287 0.037240 0.061574
1 0.629557 0.322454 0.028906 0.049537
