3 0.258594 0.675694 0.036458 0.064352
3 0.293880 0.645139 0.036719 0.063426
2 0.330859 0.677546 0.035677 0.061574
0 0.372526 0.778472 0.027865 0.046759
2 0.270703 0.745602 0.035677 0.064352
2 0.302214 0.583102 0.034635 0.058796
0 0.266016 0.462731 0.026302 0.045833
0 0.290234 0.467824 0.026302 0.043981
1 0.566016 0.733102 0.030469 0.053241
2 0.368099 0.684491 0.036198 0.060648
0 0.554557 0.784259 0.027344 0.049074
2 0.582682 0.479398 0.034115 0.059722
3 0.579818 0.417824 0.037760 0.063426
2 0.600651 0.544676 0.034635 0.061574
2 0.425130 0.545139 0.035156 0.060648
3 0.538672 0.509954 0.038281 0.065278
0 0.462630 0.379861 0.027344 0.045833
2 0.661589 0.631250 0.034635 0.062500
2 0.632422 0.571991 0.034635 0.061574
1 0.403255 0.313657 0.029427 0.049537
3 0.470964 0.286806 0.037240 0.062500
1 0.694661 0.546528 0.029948 0.052315
1 0.695703 0.494213 0.029427 0.052315
0 0.438151 0.356250 0.026823 0.045833
2 0.629297 0.505787 0.034635 0.060648
0 0.508203 0.273843 0.027344 0.043981
2 0.482161 0.207176 0.033594 0.055093
1 0.561589 0.357176 0.030469 0.049537
1 0.696745 0.308102 0.028906 0.049537
1 0.610026 0.258102 0.028906 0.048611
1 0.665755 0.340046 0.028906 0.048611
2 0.661589 0.485417 0.034115 0.059722
2 0.575651 0.103009 0.033594 0.053241
1 0.677995 0.403009 0.028906 0.049537
