2 0.360807 0.744676 0.035156 0.060648
1 0.470703 0.549769 0.029948 0.052315
1 0.287370 0.457176 0.029427 0.048611
0 0.482422 0.505324 0.027865 0.045833
2 0.441016 0.461343 0.034635 0.057870
2 0.491536 0.703009 0.035156 0.061574
3 0.548828 0.518287 0.037760 0.064352
2 0.433724 0.574537 0.034115 0.060185
2 0.441797 0.743287 0.036198 0.062500
0 0.495703 0.764583 0.027344 0.049537
2 0.546745 0.723843 0.035677 0.061574
0 0.427474 0.376157 0.027865 0.046759
0 0.585547 0.728472 0.028906 0.048611
2 0.580078 0.484954 0.034635 0.060648
1 0.590495 0.575231 0.029948 0.051389
3 0.608984 0.527546 0.037760 0.065278
1 0.514453 0.478472 0.029427 0.051389
3 0.662630 0.542361 0.037760 0.065278
2 0.485286 0.398148 0.034635 0.057407
1 0.608984 0.463889 0.029427 0.051852
2 0.466016 0.348843 0.034635 0.056944
0 0.519661 0.538889 0.026823 0.048148
3 0.521484 0.380787 0.036719 0.064352
3 0.643880 0.426620 0.037760 0.063426
2 0.473828 0.225694 0.034115 0.055093
0 0.630078 0.603935 0.027344 0.046759
3 0.639453 0.490972 0.036719 0.064352
0 0.674349 0.464120 0.026823 0.047685
2 0.490234 0.274769 0.034115 0.056019
1 0.443880 0.237269 0.028906 0.046759
2 0.601693 0.301157 0.034115 0.058796
1 0.588672 0.252083 0.028906 0.049537
1 0.722526 0.519213 0.029948 0.050463
1 0.664714 0.329398 0.028385 0.049537
