2 0.287370 0.482176 0.033594 0.056944
0 0.457682 0.629861 0.027865 0.047685
3 0.385547 0.524769 0.038281 0.064352
0 0.491536 0.753935 0.028385 0.049537
2 0.346745 0.528009 0.034115 0.059722
0 0.375130 0.755324 0.027344 0.047685
2 0.469141 0.556250 0.035156 0.060648
0 0.379818 0.606713 0.027344 0.047685
2 0.506120 0.651157 0.035677 0.062500
2 0.515234 0.418750 0.035156 0.057870
0 0.564453 0.457176 0.027344 0.046759
0 0.600651 0.578009 0.027865 0.047685
2 0.585547 0.637731 0.035156 0.061574
0 0.585026 0.778009 0.028906 0.047685
1 0.432161 0.493287 0.029948 0.051389
1 0.423307 0.436343 0.029427 0.050463
3 0.549870 0.341898 0.037760 0.062500
1 0.653516 0.611806 0.029948 0.052315
3 0.686589 0.608565 0.036719 0.066204
2 0.458203 0.174306 0.034115 0.054167
2 0.645703 0.380324 0.034115 0.058796
2 0.526953 0.215046 0.033594 0.056019
2 0.589193 0.338194 0.034635 0.057870
1 0.677995 0.440046 0.028906 0.052315
0 0.675911 0.388657 0.026823 0.046759
1 0.650391 0.449306 0.029427 0.051389
2 0.560026 0.197454 0.034115 0.054167
2 0.585026 0.157639 0.033594 0.055093
0 0.607682 0.074769 0.025781 0.042130
0 0.588151 0.222454 0.026302 0.044907
