2 0.461849 0.903472 0.034635 0.062500
2 0.496745 0.404398 0.034115 0.058796
0 0.491797 0.880787 0.029427 0.049537
2 0.435286 0.656250 0.035156 0.059722
3 0.526953 0.454861 0.037240 0.064352
3 0.593099 0.618750 0.037760 0.066204
0 0.544141 0.792361 0.027865 0.049537
2 0.414974 0.372454 0.034635 0.057870
3 0.556641 0.600231 0.038281 0.066204
1 0.411328 0.588657 0.030469 0.053241
1 0.307552 0.431250 0.029167 0.048611
2 0.441016 0.528009 0.035156 0.058796
1 0.574349 0.432639 0.029427 0.051389
1 0.363151 0.391898 0.029948 0.047685
0 0.609766 0.703935 0.027865 0.047685
2 0.540495 0.397917 0.034635 0.058796
2 0.539714 0.709954 0.035156 0.062500
3 0.601172 0.551620 0.037760 0.065278
2 0.452214 0.818750 0.035156 0.063426
2 0.491276 0.712269 0.035677 0.061574
0 0.335026 0.406250 0.026823 0.044907
1 0.566016 0.656250 0.030990 0.053241
2 0.569922 0.492361 0.035156 0.061574
1 0.461068 0.359491 0.030990 0.049537
2 0.449870 0.446991 0.034635 0.059722
2 0.476953 0.595602 0.035156 0.059722
0 0.471484 0.501620 0.027865 0.046759
3 0.525391 0.559028 0.037760 0.065278
3 0.515755 0.280787 0.038281 0.062500
1 0.447005 0.211343 0.028385 0.046759
0 0.498828 0.487731 0.026823 0.047685
0 0.658464 0.465972 0.026823 0.046759
1 0.725130 0.492824 0.029427 0.051389
