1 0.283464 0.508102 0.028906 0.049537
3 0.400911 0.688194 0.038281 0.066204
1 0.312109 0.470602 0.028906 0.048611
2 0.298828 0.554398 0.034115 0.058796
2 0.469141 0.403009 0.035156 0.058796
0 0.337370 0.436806 0.027344 0.046759
3 0.380339 0.487731 0.037760 0.063426
1 0.259245 0.426157 0.027865 0.047685
2 0.609245 0.540972 0.035156 0.061574
0 0.393359 0.748843 0.027344 0.047685
1 0.601953 0.711806 0.030469 0.054167
0 0.348698 0.568750 0.027083 0.046759
2 0.564714 0.568750 0.035677 0.061574
0 0.687109 0.515509 0.026823 0.046759
0 0.721484 0.598380 0.026823 0.048611
0 0.741797 0.567361 0.027344 0.047685
0 0.744922 0.622454 0.027344 0.047685
3 0.491536 0.172917 0.036198 0.058796
2 0.690755 0.594676 0.033594 0.062500
2 0.564583 0.307639 0.033854 0.056944
3 0.560547 0.095602 0.036198 0.057870
2 0.531641 0.307176 0.033594 0.056944
1 0.708984 0.375694 0.028385 0.048611
2 0.641016 0.443750 0.035156 0.058796
1 0.687109 0.344213 0.028385 0.048611
1 0.611068 0.251157 0.028906 0.047685
1 0.675651 0.407176 0.030469 0.049537
0 0.595964 0.093287 0.026302 0.041204
1 0.743099 0.071991 0.027865 0.044907
