2 0.306641 0.666898 0.034635 0.058796
2 0.335938 0.709954 0.035417 0.060648
2 0.367057 0.605324 0.035156 0.058796
2 0.551432 0.770139 0.035677 0.062500
2 0.348568 0.379398 0.033594 0.056944
3 0.590755 0.469213 0.038281 0.065278
1 0.326562 0.419213 0.029167 0.048611
1 0.408724 0.730324 0.029948 0.052315
0 0.313151 0.558565 0.026823 0.045833
3 0.380339 0.665972 0.038281 0.067130
3 0.442057 0.422917 0.038281 0.065278
1 0.400391 0.404861 0.029948 0.050463
1 0.426953 0.609954 0.030469 0.053241
0 0.464453 0.630787 0.027865 0.048611
0 0.401172 0.311806 0.027344 0.044907
2 0.697266 0.532176 0.035156 0.060648
2 0.573307 0.347685 0.034635 0.058333
0 0.472266 0.205324 0.027865 0.043056
1 0.684505 0.482176 0.029427 0.051389
2 0.441536 0.219676 0.034115 0.055093
3 0.636589 0.365972 0.037760 0.062500
0 0.677734 0.688194 0.028385 0.048611
1 0.473047 0.129398 0.028906 0.045833
2 0.671484 0.579861 0.034635 0.060648
1 0.591927 0.244676 0.029167 0.048611
2 0.565625 0.210880 0.033854 0.056019
3 0.538932 0.321528 0.037240 0.063426
2 0.502995 0.151620 0.033594 0.054167
0 0.523568 0.240046 0.026823 0.045833
1 0.499089 0.215046 0.027865 0.046759
2 0.669661 0.421528 0.034635 0.058796
0 0.736328 0.544907 0.027344 0.048148
3 0.714714 0.214815 0.036198 0.060185
1 0.706641 0.096528 0.028385 0.045833
