1 0.437630 0.908102 0.030469 0.054167
2 0.348828 0.671991 0.034115 0.058796
2 0.298828 0.698843 0.034115 0.059722
3 0.419661 0.594676 0.038281 0.065278
0 0.357682 0.618287 0.027865 0.047685
1 0.429557 0.853009 0.030469 0.054167
1 0.408203 0.707639 0.030469 0.052315
2 0.377474 0.460880 0.034635 0.058796
2 0.475391 0.424306 0.034115 0.058796
2 0.412891 0.472454 0.034635 0.058796
3 0.618099 0.599306 0.038281 0.065278
1 0.401172 0.360880 0.029427 0.048611
2 0.418359 0.404398 0.034115 0.057870
0 0.587240 0.459491 0.027604 0.046759
0 0.448828 0.401620 0.026823 0.047685
1 0.423307 0.526620 0.029427 0.051389
1 0.476562 0.361343 0.029687 0.050463
0 0.467318 0.620139 0.027865 0.046759
0 0.533724 0.598843 0.028906 0.047685
3 0.612109 0.383102 0.038281 0.062500
0 0.390495 0.315509 0.026823 0.044907
1 0.698828 0.682639 0.029948 0.052315
3 0.729297 0.548380 0.037760 0.065278
0 0.449609 0.354861 0.027344 0.044907
3 0.601172 0.315046 0.036719 0.062500
2 0.679557 0.611806 0.035156 0.061574
2 0.663411 0.300694 0.033594 0.057870
2 0.455599 0.239583 0.034115 0.055093
3 0.763151 0.365972 0.036719 0.063426
2 0.568880 0.292361 0.034635 0.056944
1 0.573307 0.240046 0.029948 0.047685
2 0.677214 0.448380 0.034115 0.058796
1 0.763151 0.466898 0.028906 0.051389
2 0.748307 0.289120 0.033594 0.056944
