0 0.496354 0.491435 0.027083 0.047685
0 0.179557 0.593287 0.027344 0.050463
3 0.275391 0.787731 0.036198 0.066204
0 0.287109 0.598843 0.025781 0.045833
2 0.313672 0.621065 0.034635 0.058796
3 0.385026 0.413194 0.037760 0.063426
0 0.342839 0.682176 0.026823 0.047685
3 0.567318 0.708565 0.038802 0.067130
2 0.321224 0.500694 0.034115 0.056944
3 0.456380 0.392361 0.037760 0.063426
1 0.489453 0.384028 0.029948 0.050463
0 0.611068 0.533565 0.027865 0.046759
2 0.592578 0.616898 0.035156 0.062500
0 0.452995 0.667824 0.027865 0.048611
2 0.522005 0.378472 0.035156 0.059722
2 0.571224 0.566898 0.034635 0.061574
1 0.347786 0.567361 0.029427 0.053241
0 0.353776 0.619213 0.026823 0.049537
1 0.517318 0.595602 0.030469 0.053241
1 0.660807 0.831713 0.029948 0.054167
1 0.601172 0.427546 0.029948 0.050463
2 0.706120 0.822454 0.035156 0.063426
1 0.809505 0.740972 0.029427 0.052315
2 0.505078 0.436343 0.034635 0.060648
1 0.519661 0.321991 0.029948 0.048611
2 0.674089 0.499306 0.034115 0.059722
0 0.532422 0.277546 0.026823 0.044907
1 0.829557 0.424537 0.027865 0.051852
