0 0.462630 0.524769 0.027865 0.047685
1 0.261068 0.530787 0.029948 0.049537
1 0.434766 0.520139 0.028906 0.050463
3 0.582943 0.700231 0.039323 0.067130
2 0.431641 0.444213 0.035156 0.059722
2 0.470052 0.687731 0.035937 0.061574
2 0.489974 0.454861 0.034635 0.059722
3 0.542578 0.406713 0.038281 0.063426
2 0.334505 0.415046 0.034635 0.056019
0 0.303516 0.435880 0.026823 0.043981
0 0.329036 0.365046 0.026302 0.045833
2 0.437370 0.579861 0.035677 0.060648
2 0.594922 0.407639 0.034635 0.058796
3 0.476562 0.361343 0.036979 0.063426
2 0.527474 0.464583 0.034115 0.059722
2 0.514193 0.351620 0.034635 0.057870
3 0.683464 0.564583 0.038281 0.066204
1 0.598568 0.279398 0.029427 0.048611
1 0.456901 0.285880 0.028906 0.047685
3 0.604818 0.347454 0.037240 0.062500
2 0.701432 0.353009 0.034635 0.057870
2 0.644141 0.362731 0.034635 0.057870
0 0.501432 0.300694 0.027344 0.046759
3 0.656380 0.271991 0.036719 0.062500
0 0.664453 0.326157 0.026823 0.044907
1 0.578255 0.313657 0.029948 0.049537
1 0.723307 0.561343 0.030469 0.052315
2 0.554036 0.348843 0.034635 0.057870
1 0.633464 0.312269 0.029948 0.050463
0 0.572005 0.111806 0.026823 0.042130
1 0.455339 0.235880 0.028385 0.046759
0 0.533984 0.312269 0.026823 0.044907
1 0.632422 0.411806 0.028906 0.049537
