0 0.296484 0.614583 0.027344 0.045833
2 0.363672 0.779861 0.035677 0.060648
2 0.307422 0.425231 0.033594 0.058796
3 0.420182 0.586343 0.037760 0.065278
0 0.367578 0.425231 0.026823 0.045833
1 0.349089 0.515046 0.029948 0.049537
1 0.481120 0.715046 0.029948 0.053241
3 0.333984 0.636806 0.037240 0.064352
2 0.553776 0.377083 0.034115 0.057870
0 0.351432 0.460417 0.026823 0.045833
1 0.578516 0.474769 0.029427 0.050463
0 0.454297 0.358565 0.027344 0.044907
1 0.622526 0.521065 0.029427 0.051389
1 0.500651 0.400231 0.029948 0.050463
1 0.655859 0.642361 0.029948 0.052315
0 0.502995 0.521065 0.027344 0.047685
1 0.522266 0.087731 0.028385 0.045833
3 0.630339 0.286343 0.037240 0.061574
3 0.609505 0.133796 0.036198 0.057407
0 0.492839 0.356250 0.027865 0.045833
2 0.555599 0.121991 0.033594 0.054167
2 0.587109 0.090509 0.033073 0.053241
1 0.667318 0.582176 0.030469 0.052315
0 0.487891 0.121991 0.026823 0.043056
2 0.658984 0.256250 0.033594 0.057870
1 0.676953 0.153472 0.028385 0.046759
2 0.646224 0.185880 0.033073 0.055093
2 0.685286 0.225231 0.033073 0.055093
0 0.618099 0.211343 0.026302 0.043981
