0 0.475391 0.558102 0.025260 0.048611
3 0.720964 0.271065 0.036198 0.061574
2 0.541536 0.156250 0.033594 0.054167
2 0.650391 0.271991 0.034115 0.055093
2 0.540755 0.214120 0.033073 0.055093
1 0.577995 0.213657 0.028906 0.048611
2 0.755599 0.274306 0.033073 0.056019
2 0.752214 0.155787 0.033073 0.054167
2 0.613281 0.214120 0.033854 0.055093
2 0.750391 0.100000 0.032552 0.053704
2 0.683984 0.213194 0.033594 0.056019
1 0.541016 0.099306 0.028385 0.045833
2 0.648307 0.211343 0.034115 0.055093
1 0.581120 0.155324 0.028906 0.046759
