0 0.327214 0.845602 0.026823 0.047685
2 0.222266 0.462269 0.034115 0.056944
3 0.315234 0.635880 0.037760 0.065278
0 0.412891 0.702546 0.028385 0.048611
0 0.617057 0.663194 0.027344 0.048611
3 0.337370 0.566435 0.037760 0.063426
1 0.492578 0.843750 0.030990 0.054167
2 0.382161 0.704398 0.034115 0.059722
1 0.563672 0.513194 0.030469 0.051389
2 0.490495 0.476620 0.034635 0.059722
2 0.609245 0.739352 0.035156 0.062963
2 0.573828 0.593750 0.035677 0.060648
1 0.529557 0.725231 0.030990 0.052315
1 0.548047 0.556713 0.029948 0.052315
3 0.558203 0.382176 0.036719 0.063426
1 0.386849 0.615046 0.030469 0.050463
1 0.570703 0.453935 0.029948 0.050463
2 0.544401 0.625694 0.034635 0.061574
3 0.663151 0.853009 0.038802 0.067130
2 0.605078 0.409491 0.034635 0.058796
0 0.457161 0.503009 0.027865 0.046759
3 0.664714 0.614583 0.038802 0.066204
2 0.519922 0.582407 0.033594 0.062037
1 0.417578 0.220602 0.029427 0.046759
2 0.529297 0.216435 0.034635 0.055093
1 0.636068 0.463657 0.029427 0.051389
0 0.587370 0.360417 0.027344 0.046759
2 0.534245 0.162269 0.034115 0.054167
0 0.605078 0.322917 0.025781 0.044907
3 0.669141 0.346065 0.038802 0.062500
2 0.605078 0.191435 0.034115 0.056019
0 0.573047 0.209491 0.026302 0.043056
1 0.601172 0.244676 0.028906 0.047685
