0 0.492318 0.866898 0.028385 0.048611
0 0.369141 0.773843 0.026823 0.047685
3 0.605339 0.893287 0.038802 0.068056
0 0.454557 0.831713 0.028385 0.050463
0 0.624349 0.829398 0.028385 0.050463
2 0.385807 0.601157 0.035156 0.059722
1 0.597526 0.557639 0.030469 0.052315
3 0.373568 0.513194 0.037760 0.063426
3 0.669401 0.828935 0.038281 0.067130
3 0.484505 0.682176 0.038802 0.066204
1 0.561589 0.696065 0.029948 0.053241
2 0.488932 0.490046 0.035677 0.060648
2 0.612630 0.413657 0.034115 0.059722
1 0.619661 0.526157 0.029948 0.050463
1 0.700391 0.800694 0.030990 0.054167
2 0.602474 0.478935 0.035156 0.060648
0 0.673828 0.758565 0.027865 0.047685
2 0.719141 0.743750 0.034115 0.062500
2 0.631641 0.647454 0.035156 0.060648
1 0.711589 0.676620 0.028906 0.053241
1 0.669661 0.600231 0.029948 0.052315
2 0.647005 0.556713 0.034635 0.060648
0 0.672135 0.679398 0.027604 0.048611
0 0.689193 0.515046 0.026823 0.048611
2 0.655599 0.497917 0.034635 0.060648
0 0.635286 0.324769 0.026823 0.046759
1 0.639453 0.446065 0.029427 0.051389
1 0.666536 0.380324 0.029948 0.050463
1 0.667839 0.434028 0.028906 0.049537
