2 0.456120 0.605324 0.035156 0.060648
0 0.258203 0.493750 0.026302 0.045833
1 0.303255 0.384954 0.029427 0.048611
1 0.268880 0.427083 0.027865 0.049537
3 0.590495 0.722454 0.038281 0.066204
2 0.473047 0.416898 0.034635 0.059722
1 0.449349 0.377546 0.029427 0.048611
0 0.422786 0.694213 0.027344 0.047685
2 0.620964 0.515972 0.034635 0.058796
1 0.582682 0.403935 0.029948 0.050463
2 0.444141 0.272454 0.034635 0.056944
3 0.631641 0.457176 0.037760 0.065278
3 0.670703 0.801157 0.038802 0.067130
2 0.448568 0.459028 0.035156 0.057870
0 0.423568 0.355324 0.027344 0.044907
2 0.663151 0.502083 0.034115 0.060648
2 0.665755 0.439583 0.033594 0.058796
3 0.588151 0.324306 0.037760 0.063426
1 0.610807 0.364583 0.029948 0.049537
3 0.475130 0.315509 0.037760 0.061574
2 0.686849 0.393750 0.033594 0.058796
2 0.526953 0.143287 0.034115 0.053241
2 0.643099 0.386574 0.033594 0.058333
1 0.695964 0.449769 0.028906 0.050463
0 0.639714 0.559954 0.027344 0.047685
2 0.672526 0.562269 0.035156 0.060648
1 0.520964 0.349306 0.030469 0.050463
0 0.714974 0.416898 0.027344 0.046759
3 0.775391 0.438194 0.036719 0.063426
0 0.704297 0.497917 0.026823 0.047685
2 0.636849 0.239120 0.033594 0.056944
0 0.497526 0.150231 0.026302 0.043056
1 0.748047 0.391435 0.028906 0.049537
1 0.726172 0.468750 0.029427 0.051389
