2 0.323307 0.917130 0.035677 0.063889
3 0.321484 0.728935 0.038281 0.065278
2 0.449349 0.600694 0.035156 0.061574
2 0.304167 0.623380 0.034896 0.057870
0 0.276693 0.554861 0.026823 0.046759
3 0.485026 0.762731 0.039323 0.067130
2 0.369661 0.609954 0.035156 0.058796
1 0.559505 0.550694 0.029948 0.052315
2 0.347005 0.465046 0.034635 0.058796
2 0.549609 0.496296 0.034635 0.060185
0 0.334245 0.402546 0.027344 0.044907
1 0.426953 0.656713 0.029948 0.051389
1 0.454297 0.363194 0.028385 0.049537
3 0.443620 0.778935 0.039323 0.066204
1 0.482943 0.578009 0.030990 0.052315
2 0.426693 0.493750 0.035156 0.059722
2 0.481510 0.657639 0.035937 0.061574
1 0.520703 0.388657 0.029948 0.049537
0 0.490234 0.394676 0.027865 0.046759
2 0.471224 0.153935 0.033594 0.054167
0 0.464583 0.319676 0.026562 0.045833
1 0.492318 0.346991 0.030990 0.050463
3 0.549870 0.297917 0.037760 0.061574
2 0.672526 0.546065 0.035156 0.061574
3 0.662891 0.378935 0.036719 0.063426
1 0.673307 0.327083 0.030990 0.049537
3 0.639714 0.185880 0.036198 0.059722
1 0.682161 0.423843 0.029427 0.051389
2 0.782943 0.322917 0.033594 0.057870
0 0.695964 0.512731 0.027344 0.047685
0 0.719401 0.467824 0.026823 0.047685
1 0.713672 0.406250 0.029948 0.051389
2 0.772526 0.265972 0.033594 0.056944
0 0.669922 0.155324 0.026302 0.043981
