2 0.267708 0.848843 0.036458 0.065278
2 0.275391 0.611343 0.033073 0.058796
1 0.334245 0.703704 0.029427 0.051852
3 0.490234 0.450694 0.037760 0.065278
0 0.412630 0.862731 0.027344 0.048611
3 0.569401 0.422917 0.037760 0.063426
2 0.520182 0.823843 0.035156 0.061574
2 0.533724 0.428935 0.035156 0.058796
1 0.504818 0.400231 0.029427 0.050463
0 0.354818 0.511806 0.026823 0.047685
2 0.417057 0.389583 0.035156 0.058796
0 0.440755 0.642361 0.028385 0.047685
1 0.381641 0.651157 0.029948 0.051389
0 0.570182 0.478009 0.027344 0.045833
1 0.414974 0.443287 0.030990 0.050463
1 0.469401 0.685417 0.030990 0.052315
0 0.521484 0.491435 0.027344 0.047685
2 0.383984 0.452083 0.035156 0.058796
2 0.526953 0.626157 0.035677 0.058796
1 0.612891 0.491435 0.029948 0.050463
2 0.436849 0.328472 0.034115 0.056944
2 0.424609 0.225694 0.034115 0.055093
3 0.644141 0.547454 0.038802 0.064352
1 0.438932 0.277083 0.029427 0.048611
1 0.407422 0.314583 0.028385 0.048611
2 0.526953 0.350694 0.035156 0.056944
1 0.731120 0.521991 0.029427 0.052315
3 0.479818 0.293750 0.037760 0.061574
2 0.550911 0.300231 0.034635 0.057870
0 0.729297 0.370139 0.026302 0.046759
2 0.649349 0.359028 0.034115 0.057870
3 0.742578 0.453472 0.037240 0.063426
0 0.628776 0.452546 0.027865 0.046759
2 0.651953 0.416898 0.034115 0.058796
