0 0.510807 0.486806 0.027344 0.046759
0 0.536328 0.518287 0.027344 0.046759
0 0.330078 0.614120 0.026823 0.046759
2 0.581380 0.540046 0.034635 0.058796
2 0.276953 0.550694 0.034635 0.058796
2 0.463411 0.570139 0.034635 0.059722
0 0.368620 0.605787 0.026302 0.048611
3 0.341276 0.740509 0.037240 0.065278
3 0.361068 0.497454 0.037240 0.064352
0 0.445703 0.457176 0.027865 0.045833
3 0.505599 0.543287 0.037760 0.066204
2 0.354557 0.558565 0.034635 0.059722
0 0.549349 0.429861 0.028385 0.046759
1 0.386849 0.534954 0.030990 0.051389
2 0.573568 0.477546 0.035156 0.060648
1 0.518099 0.645602 0.029948 0.051389
2 0.542578 0.571991 0.035156 0.060648
2 0.573307 0.600231 0.034635 0.061574
0 0.573307 0.358565 0.027344 0.045833
1 0.628255 0.607176 0.029948 0.052315
3 0.709505 0.489583 0.038281 0.064352
0 0.498568 0.286343 0.026823 0.044907
2 0.512370 0.242824 0.034115 0.056944
0 0.442839 0.091435 0.026823 0.043056
0 0.478255 0.129861 0.027344 0.043056
0 0.600130 0.356250 0.026302 0.044907
0 0.665755 0.460417 0.027344 0.046759
1 0.708464 0.308102 0.028906 0.049537
0 0.661068 0.121991 0.026302 0.043056
0 0.647526 0.236806 0.026823 0.044907
2 0.542839 0.311343 0.035156 0.056944
2 0.607161 0.155093 0.032031 0.054630
1 0.654557 0.290046 0.029427 0.050463
2 0.606380 0.222454 0.034115 0.056019
1 0.651693 0.383102 0.029427 0.049537
2 0.681901 0.075231 0.032552 0.053241
2 0.571745 0.155787 0.033594 0.053241
2 0.595573 0.305324 0.033854 0.056944
0 0.678516 0.216435 0.027344 0.043981
