2 0.497266 0.484491 0.035156 0.060648
3 0.466797 0.912269 0.038802 0.068056
3 0.402734 0.588657 0.035156 0.064352
0 0.285807 0.515972 0.027344 0.045833
2 0.442578 0.707639 0.035156 0.061574
2 0.400911 0.648380 0.035677 0.061574
1 0.343620 0.469676 0.029427 0.050463
3 0.573568 0.535880 0.038281 0.066204
2 0.449349 0.406250 0.035156 0.058796
2 0.484245 0.421528 0.034635 0.058796
1 0.344922 0.415972 0.029427 0.048611
0 0.331901 0.375694 0.026823 0.044907
1 0.565234 0.372917 0.029427 0.050463
2 0.524609 0.379398 0.034635 0.058796
3 0.497005 0.341898 0.037760 0.062500
1 0.617578 0.328472 0.029948 0.049537
1 0.581641 0.328935 0.029948 0.048611
2 0.633203 0.507176 0.034115 0.059722
3 0.640104 0.380787 0.038021 0.062500
0 0.551172 0.324306 0.027344 0.044907
1 0.667318 0.533565 0.029427 0.051389
2 0.680599 0.424769 0.034635 0.059722
1 0.451432 0.300694 0.028385 0.047685
2 0.663672 0.475231 0.033073 0.058796
1 0.484245 0.208102 0.028385 0.045833
0 0.559505 0.142361 0.026302 0.043981
2 0.510807 0.183565 0.033594 0.055093
3 0.600781 0.179398 0.035937 0.058796
0 0.721224 0.361343 0.026302 0.045833
1 0.694141 0.361806 0.028385 0.050463
2 0.665495 0.341435 0.033594 0.057870
3 0.715755 0.474306 0.037240 0.064352
0 0.638932 0.443750 0.027865 0.046759
0 0.728516 0.234028 0.026302 0.044907
