0 0.261589 0.751157 0.026823 0.046759
3 0.272396 0.587731 0.036979 0.065278
0 0.344401 0.715509 0.026302 0.046759
3 0.475130 0.550231 0.037760 0.065278
3 0.498568 0.671065 0.039323 0.066204
1 0.295964 0.452083 0.028906 0.049537
0 0.447005 0.768750 0.027865 0.048611
0 0.353776 0.653009 0.027344 0.047685
3 0.393620 0.385417 0.038281 0.062500
1 0.597005 0.377083 0.029427 0.050463
1 0.478255 0.383102 0.029427 0.050463
1 0.483464 0.605324 0.030469 0.052315
2 0.635547 0.562269 0.034635 0.062500
1 0.574870 0.344213 0.028906 0.049537
2 0.477995 0.312269 0.034115 0.056944
0 0.670443 0.549769 0.026823 0.048611
1 0.599870 0.108565 0.028906 0.044907
3 0.672266 0.380324 0.037240 0.063426
2 0.685026 0.598843 0.034635 0.060648
1 0.446484 0.312731 0.029427 0.047685
1 0.573047 0.152083 0.028906 0.045833
2 0.711328 0.496991 0.034635 0.060648
2 0.674609 0.292361 0.034115 0.057870
1 0.632682 0.361343 0.030469 0.050463
3 0.777474 0.356250 0.036198 0.061574
2 0.789974 0.412963 0.033073 0.058333
0 0.674870 0.101620 0.025781 0.042130
2 0.627604 0.209491 0.033333 0.054167
0 0.747786 0.364583 0.027344 0.046759
2 0.754557 0.251620 0.032552 0.056944
