2 0.231641 0.760417 0.035677 0.065278
2 0.352214 0.846065 0.035677 0.059722
0 0.330859 0.884954 0.027865 0.046759
2 0.325130 0.777083 0.035156 0.061574
3 0.334766 0.608102 0.037240 0.065278
0 0.258724 0.528935 0.026302 0.046759
2 0.299609 0.584491 0.034635 0.058796
3 0.328255 0.540972 0.038281 0.064352
2 0.426432 0.717361 0.035677 0.061574
2 0.366536 0.543750 0.036198 0.058796
2 0.413672 0.581250 0.034635 0.060648
0 0.333464 0.457639 0.027344 0.045833
3 0.368880 0.637731 0.037760 0.064352
2 0.402474 0.521528 0.035677 0.058796
1 0.539453 0.482639 0.029948 0.051389
0 0.538151 0.825231 0.028385 0.049537
1 0.555859 0.758796 0.029427 0.053704
2 0.731120 0.571065 0.033594 0.060648
0 0.614453 0.367824 0.027865 0.045833
2 0.661328 0.498843 0.034115 0.061574
3 0.626042 0.493287 0.038021 0.065278
1 0.499870 0.184028 0.028906 0.047685
0 0.629557 0.424306 0.027344 0.046759
3 0.516797 0.140046 0.036719 0.058796
1 0.642578 0.324306 0.029427 0.049537
2 0.705599 0.282176 0.033594 0.056944
2 0.730859 0.501620 0.033073 0.060648
1 0.680339 0.313194 0.028906 0.049537
1 0.771484 0.525231 0.028906 0.052315
1 0.614974 0.219213 0.029427 0.046759
0 0.575130 0.179861 0.026302 0.043056
2 0.675781 0.095139 0.032813 0.053241
1 0.739714 0.325231 0.027865 0.048611
1 0.770964 0.300926 0.028385 0.050000
