3 0.491276 0.475694 0.038281 0.063426
0 0.323307 0.600231 0.026823 0.046759
1 0.563411 0.557639 0.029948 0.050463
3 0.532943 0.535880 0.037240 0.064352
1 0.355859 0.630324 0.028906 0.052315
3 0.545443 0.422917 0.037760 0.064352
2 0.421745 0.456713 0.034635 0.060648
0 0.549089 0.704861 0.027865 0.047685
1 0.408594 0.703935 0.029687 0.050463
2 0.399609 0.509028 0.035156 0.059722
3 0.387891 0.441898 0.037240 0.063426
0 0.363411 0.364120 0.027865 0.045833
0 0.450651 0.644213 0.027344 0.047685
1 0.446224 0.413657 0.029948 0.050463
2 0.514714 0.671991 0.036719 0.060648
1 0.575130 0.509954 0.029427 0.051389
2 0.601953 0.481250 0.035156 0.058796
1 0.540234 0.479861 0.029948 0.051389
1 0.592318 0.377083 0.028385 0.049537
0 0.492839 0.350231 0.027344 0.045833
1 0.425651 0.195602 0.029427 0.046759
3 0.633203 0.319213 0.036198 0.062500
1 0.645443 0.541435 0.029948 0.051389
2 0.625391 0.440046 0.034115 0.058796
3 0.522526 0.178935 0.036719 0.059722
2 0.625391 0.381713 0.034115 0.057870
2 0.598047 0.324769 0.033594 0.057870
2 0.592578 0.234028 0.033594 0.056944
0 0.576693 0.290046 0.026302 0.044907
0 0.489193 0.219213 0.027344 0.043981
