2 0.290755 0.741435 0.033594 0.060648
0 0.414453 0.833565 0.026823 0.047685
1 0.288151 0.629861 0.028906 0.050463
1 0.547005 0.840509 0.030469 0.053241
3 0.262109 0.529398 0.036198 0.064352
1 0.333984 0.588194 0.029427 0.051389
3 0.601172 0.484028 0.037760 0.065278
2 0.372526 0.716204 0.033594 0.062037
0 0.328516 0.473843 0.026823 0.046759
0 0.612630 0.685880 0.027865 0.047685
1 0.443099 0.541435 0.029948 0.049537
2 0.598828 0.570139 0.035677 0.061574
2 0.480078 0.708565 0.036198 0.061574
0 0.436589 0.624306 0.027865 0.046759
0 0.473828 0.411343 0.027344 0.046759
3 0.501693 0.478935 0.037760 0.065278
0 0.558724 0.424769 0.027344 0.047685
0 0.658464 0.664583 0.027865 0.047685
2 0.677214 0.510417 0.034635 0.060648
2 0.629036 0.435880 0.034635 0.059722
2 0.455339 0.310880 0.034635 0.056944
2 0.527734 0.301157 0.034115 0.057870
0 0.719661 0.356250 0.027344 0.046759
2 0.622786 0.324306 0.034635 0.056944
0 0.655339 0.580324 0.027344 0.047685
2 0.674870 0.164120 0.033594 0.055093
2 0.607422 0.211806 0.034115 0.055093
1 0.514453 0.194213 0.028906 0.047685
