2 0.272786 0.783102 0.034115 0.057870
3 0.358333 0.771065 0.038021 0.065278
3 0.323047 0.708102 0.037760 0.065278
2 0.255729 0.605787 0.033333 0.058796
2 0.322786 0.617361 0.035156 0.058796
1 0.519141 0.660417 0.030469 0.052315
3 0.439193 0.784491 0.038802 0.067130
2 0.364974 0.687269 0.035156 0.059722
1 0.539714 0.603009 0.030469 0.052315
2 0.420182 0.466898 0.034115 0.059722
0 0.571745 0.445602 0.027865 0.045833
3 0.408073 0.721528 0.036458 0.063426
3 0.450651 0.706250 0.037760 0.066204
0 0.336068 0.404861 0.026823 0.044907
1 0.368099 0.569676 0.029948 0.052315
0 0.435547 0.549769 0.027344 0.047685
1 0.616667 0.434028 0.029167 0.049537
1 0.569922 0.376620 0.029948 0.050463
0 0.656380 0.653472 0.027865 0.048611
2 0.632161 0.546065 0.035156 0.060648
2 0.703776 0.709028 0.035156 0.062500
0 0.675911 0.533102 0.027344 0.047685
0 0.551693 0.337731 0.027344 0.045833
2 0.688021 0.593750 0.034375 0.061574
1 0.592318 0.327546 0.029427 0.049537
2 0.563932 0.290046 0.034115 0.057870
3 0.657161 0.242361 0.036719 0.062500
2 0.666016 0.371065 0.034115 0.057870
1 0.631120 0.324769 0.029427 0.048611
3 0.530078 0.131250 0.036719 0.056944
1 0.652474 0.492824 0.029427 0.052315
2 0.666797 0.311574 0.033073 0.057407
0 0.561068 0.131713 0.026302 0.042130
1 0.679818 0.435417 0.029427 0.050463
