1 0.332422 0.903009 0.029948 0.052315
1 0.289714 0.497454 0.028906 0.049537
2 0.299870 0.627083 0.034635 0.057870
3 0.602995 0.671065 0.038281 0.065278
2 0.445443 0.825231 0.036198 0.062500
0 0.349870 0.571065 0.027865 0.045833
3 0.386589 0.637269 0.038281 0.065278
0 0.413151 0.688194 0.028385 0.048611
1 0.379818 0.541435 0.029427 0.050463
2 0.423568 0.461806 0.034635 0.057870
2 0.421484 0.621528 0.035156 0.061574
0 0.560547 0.569676 0.027865 0.047685
2 0.531250 0.678472 0.035417 0.061574
2 0.520182 0.421065 0.034635 0.058796
3 0.603255 0.532639 0.038281 0.065278
1 0.446484 0.725231 0.030469 0.053241
1 0.605339 0.473380 0.029427 0.052315
0 0.615495 0.589120 0.027865 0.047685
0 0.563932 0.416435 0.027865 0.044907
1 0.617578 0.423843 0.029948 0.051389
3 0.405859 0.199306 0.037240 0.059722
2 0.540755 0.294676 0.034635 0.056944
0 0.522005 0.347454 0.026823 0.045833
1 0.571224 0.311806 0.028385 0.047685
3 0.635807 0.305324 0.037240 0.061574
2 0.708724 0.433565 0.034115 0.058796
2 0.594661 0.234954 0.034115 0.056019
1 0.514193 0.253472 0.028906 0.047685
2 0.621875 0.189120 0.033333 0.054167
3 0.663932 0.346528 0.037240 0.062500
0 0.776172 0.612963 0.026823 0.048148
1 0.689714 0.309954 0.028906 0.049537
2 0.726042 0.238889 0.033333 0.056481
2 0.635938 0.244676 0.033333 0.056944
