3 0.248568 0.630324 0.036198 0.066204
0 0.303776 0.677546 0.026823 0.046759
3 0.393099 0.593287 0.038802 0.064352
2 0.289974 0.479398 0.034115 0.056019
1 0.305339 0.525231 0.028906 0.050463
2 0.458203 0.579398 0.035156 0.060648
2 0.587370 0.544676 0.034115 0.061574
0 0.312891 0.446991 0.027344 0.046759
1 0.332682 0.657639 0.029948 0.050463
0 0.395964 0.648843 0.028385 0.048611
3 0.319401 0.390972 0.036198 0.063426
3 0.522526 0.417361 0.037760 0.062500
2 0.383724 0.405787 0.034635 0.057870
2 0.417057 0.403009 0.034635 0.058796
0 0.615234 0.520602 0.028385 0.046759
1 0.431120 0.628009 0.029948 0.051389
0 0.624609 0.476157 0.027344 0.046759
0 0.621745 0.388194 0.026823 0.045833
2 0.594661 0.409954 0.034635 0.058796
1 0.527474 0.534491 0.030469 0.051389
3 0.654557 0.510880 0.038281 0.064352
2 0.570964 0.364583 0.034115 0.058796
1 0.586328 0.319213 0.029948 0.049537
2 0.533464 0.360417 0.034635 0.058796
2 0.643229 0.424769 0.034375 0.058796
2 0.538411 0.278009 0.034635 0.056944
1 0.646484 0.364583 0.029427 0.049537
1 0.575130 0.196991 0.028906 0.046759
2 0.527995 0.221991 0.034635 0.056019
0 0.741536 0.475694 0.026823 0.046759
1 0.497526 0.546991 0.030469 0.052315
1 0.680599 0.452083 0.029948 0.051389
2 0.629557 0.239583 0.034635 0.056019
