2 0.481380 0.511343 0.035156 0.058796
2 0.357161 0.683102 0.036719 0.060648
0 0.503255 0.448380 0.027865 0.045833
2 0.532943 0.434028 0.034635 0.058796
1 0.542578 0.531713 0.030990 0.051389
2 0.318229 0.442824 0.033854 0.057870
2 0.614714 0.531713 0.035156 0.060648
1 0.426432 0.510648 0.029948 0.050000
2 0.473047 0.431713 0.034635 0.058796
0 0.521224 0.482176 0.027865 0.045833
0 0.357161 0.458102 0.027344 0.046759
3 0.575391 0.530324 0.037760 0.063426
3 0.420182 0.569676 0.038281 0.065278
0 0.419922 0.465509 0.027344 0.045833
2 0.477214 0.588657 0.034635 0.062500
2 0.369141 0.508565 0.035156 0.057870
0 0.587630 0.480324 0.027865 0.045833
2 0.545964 0.378472 0.034635 0.058796
1 0.404557 0.394676 0.029427 0.048611
1 0.449219 0.542361 0.029167 0.050463
2 0.566536 0.442824 0.034635 0.059722
0 0.507161 0.537731 0.027865 0.046759
3 0.649349 0.502546 0.037760 0.064352
3 0.627734 0.397454 0.038281 0.064352
2 0.616536 0.463657 0.034635 0.059722
1 0.508203 0.307639 0.029427 0.048611
3 0.586589 0.373380 0.037240 0.062500
1 0.647786 0.559954 0.029948 0.052315
1 0.428255 0.265509 0.029948 0.046759
2 0.639453 0.328472 0.034115 0.057870
3 0.548568 0.282639 0.037760 0.061574
1 0.493620 0.235417 0.029427 0.047685
0 0.684245 0.450231 0.027344 0.047685
1 0.647005 0.444676 0.029427 0.051389
