3 0.514714 0.638194 0.038281 0.064352
2 0.536589 0.589583 0.035156 0.060648
2 0.549349 0.620602 0.032031 0.056944
2 0.509766 0.679398 0.034115 0.045833
0 0.538151 0.682176 0.027865 0.049537
3 0.569401 0.577083 0.036198 0.060648
2 0.493359 0.576157 0.035677 0.062500
0 0.552734 0.496991 0.027865 0.042130
2 0.594141 0.621065 0.039844 0.066204
0 0.585547 0.676620 0.027344 0.043056
2 0.608984 0.567361 0.035156 0.061574
2 0.566276 0.466435 0.035156 0.057870
2 0.582943 0.524306 0.035156 0.044907
0 0.564974 0.681713 0.026823 0.031944
