1 0.204036 0.810880 0.029427 0.050463
2 0.263151 0.849306 0.036198 0.065278
2 0.326172 0.746991 0.034115 0.060648
2 0.328776 0.685417 0.033594 0.059722
3 0.342578 0.627546 0.037240 0.065278
2 0.379297 0.773843 0.034635 0.061574
2 0.533203 0.662731 0.035677 0.061574
3 0.567578 0.464583 0.037760 0.064352
0 0.253255 0.413657 0.026302 0.044907
3 0.404297 0.687731 0.038802 0.065278
1 0.345182 0.494676 0.029948 0.048611
0 0.484766 0.589583 0.027344 0.047685
2 0.477474 0.536806 0.034635 0.060648
0 0.466276 0.647454 0.027344 0.047685
2 0.450651 0.584491 0.035156 0.061574
2 0.567578 0.722454 0.035156 0.061574
1 0.431641 0.522454 0.029948 0.052315
1 0.611328 0.484028 0.029948 0.050463
1 0.489974 0.392824 0.028385 0.046759
1 0.457161 0.321991 0.028385 0.048611
2 0.439974 0.158565 0.034115 0.054167
2 0.744141 0.813657 0.034635 0.064352
3 0.483724 0.240046 0.037240 0.060648
1 0.634896 0.420139 0.029167 0.049537
1 0.490755 0.338194 0.030990 0.049537
3 0.597266 0.337731 0.037240 0.063426
0 0.644661 0.497454 0.027344 0.046759
2 0.699089 0.359954 0.034115 0.057870
0 0.454948 0.277083 0.027083 0.044907
0 0.596745 0.268287 0.027865 0.044907
1 0.673307 0.276620 0.028385 0.047685
2 0.712891 0.473380 0.034115 0.060648
1 0.763672 0.537731 0.029427 0.052315
