0 0.331641 0.751620 0.026302 0.047685
0 0.286589 0.629398 0.027344 0.048611
2 0.565495 0.662037 0.035156 0.062037
2 0.578516 0.813194 0.036198 0.063426
0 0.619401 0.726620 0.028385 0.048611
3 0.361589 0.472917 0.038281 0.063426
2 0.363932 0.607176 0.035156 0.058796
2 0.538932 0.472454 0.035677 0.060648
1 0.238542 0.463194 0.028646 0.047685
2 0.550130 0.572454 0.035156 0.059722
0 0.414193 0.506250 0.027344 0.046759
2 0.503776 0.703935 0.035677 0.061574
1 0.501693 0.597917 0.030990 0.050463
0 0.411328 0.682176 0.027865 0.046759
1 0.457682 0.599769 0.029427 0.051389
0 0.602474 0.444213 0.027865 0.047685
0 0.470443 0.456250 0.027344 0.046759
2 0.617318 0.538889 0.034115 0.061111
2 0.664453 0.661343 0.034635 0.062500
2 0.453255 0.328472 0.035156 0.056944
3 0.595703 0.339120 0.037760 0.063426
3 0.666276 0.368750 0.037760 0.062500
2 0.514974 0.359491 0.034635 0.057870
1 0.522526 0.271528 0.029427 0.048611
0 0.628776 0.309028 0.026823 0.044907
2 0.716276 0.615509 0.034115 0.061574
0 0.663151 0.471991 0.027344 0.046759
2 0.730339 0.350926 0.034115 0.058333
1 0.723307 0.247454 0.028906 0.048611
