1 0.470052 0.500231 0.029687 0.051389
0 0.316016 0.782176 0.027344 0.049537
0 0.267578 0.604861 0.026302 0.047685
3 0.386849 0.752546 0.038281 0.064352
2 0.383203 0.635417 0.035677 0.059722
2 0.466016 0.779167 0.035156 0.062963
0 0.436328 0.474769 0.026823 0.046759
1 0.480078 0.712963 0.029427 0.052778
0 0.386849 0.548380 0.026823 0.047685
2 0.440755 0.534954 0.035677 0.060648
3 0.326823 0.595602 0.036979 0.065278
0 0.362370 0.690046 0.026823 0.047685
2 0.561589 0.466435 0.034635 0.060648
0 0.519401 0.522917 0.027865 0.046759
2 0.589974 0.508102 0.034635 0.059722
2 0.542057 0.411343 0.035156 0.058796
2 0.619661 0.790046 0.035677 0.061574
1 0.454167 0.615046 0.030208 0.052315
3 0.523568 0.466898 0.038281 0.065278
1 0.660807 0.831713 0.029948 0.053241
1 0.548307 0.527546 0.030469 0.051389
1 0.809505 0.740972 0.029427 0.052315
0 0.647005 0.742361 0.027865 0.048611
2 0.705859 0.822454 0.035156 0.063426
3 0.676823 0.230324 0.036458 0.061574
1 0.829557 0.424769 0.027865 0.051389
0 0.555078 0.090046 0.026302 0.043056
1 0.593099 0.197454 0.028906 0.047685
1 0.686849 0.180324 0.028385 0.047685
