2 0.556641 0.555787 0.035156 0.060648
2 0.395964 0.635880 0.035156 0.059722
2 0.295703 0.566898 0.035156 0.058796
3 0.609505 0.559491 0.038802 0.066204
3 0.617578 0.631250 0.036198 0.066204
1 0.388151 0.450694 0.029948 0.048611
1 0.418359 0.596528 0.030469 0.052315
1 0.537891 0.486343 0.029427 0.050463
2 0.442839 0.686343 0.035156 0.060648
1 0.445964 0.755787 0.029427 0.054167
0 0.407161 0.553009 0.027344 0.044907
3 0.541797 0.404398 0.038281 0.064352
0 0.527995 0.851157 0.028906 0.049537
2 0.416536 0.736343 0.035156 0.061574
2 0.320052 0.408102 0.033333 0.056944
2 0.545182 0.614120 0.035156 0.060648
2 0.583464 0.613194 0.035156 0.062500
2 0.579557 0.421065 0.034635 0.058796
1 0.421484 0.502546 0.029427 0.051389
3 0.563672 0.684491 0.038802 0.067130
0 0.404297 0.687731 0.027865 0.046759
0 0.602734 0.459028 0.028906 0.046759
2 0.389062 0.510417 0.034375 0.057870
1 0.587109 0.509028 0.029427 0.053241
0 0.459505 0.361806 0.027344 0.045833
2 0.493359 0.352083 0.034635 0.057870
0 0.648438 0.617824 0.028646 0.048611
2 0.466016 0.272917 0.034635 0.056944
0 0.603516 0.380324 0.027344 0.046759
1 0.526693 0.294676 0.029427 0.048611
3 0.636068 0.475694 0.037240 0.063426
3 0.639974 0.412269 0.037760 0.064352
1 0.446224 0.321991 0.029427 0.049537
1 0.697005 0.349306 0.029427 0.049537
