0 0.191276 0.607639 0.026302 0.045833
3 0.346224 0.665972 0.037240 0.065278
1 0.447786 0.578704 0.029427 0.052778
3 0.417318 0.555324 0.037760 0.065278
2 0.381901 0.596528 0.035677 0.060648
2 0.494141 0.401620 0.033594 0.058796
2 0.587630 0.571065 0.034635 0.061574
0 0.537630 0.628935 0.028385 0.047685
0 0.401953 0.838657 0.028385 0.048611
1 0.443620 0.718287 0.029948 0.051389
1 0.350130 0.409028 0.029427 0.047685
3 0.589453 0.710880 0.039323 0.066204
3 0.573568 0.509028 0.038802 0.064352
1 0.503776 0.726620 0.030990 0.052315
3 0.365234 0.474769 0.037240 0.063426
1 0.397526 0.470139 0.029948 0.049537
1 0.462630 0.401620 0.029427 0.049537
0 0.613411 0.469676 0.027344 0.046759
2 0.477214 0.264583 0.034115 0.056019
3 0.448828 0.184954 0.036719 0.058796
0 0.586589 0.359954 0.027344 0.045833
0 0.454036 0.234491 0.026302 0.043981
2 0.520703 0.235880 0.034115 0.055093
1 0.530339 0.303472 0.029948 0.049537
1 0.561328 0.028009 0.028385 0.045833
0 0.521745 0.030787 0.025260 0.042130
2 0.692839 0.304861 0.034115 0.057870
1 0.678255 0.246065 0.030469 0.048611
2 0.688411 0.191435 0.032552 0.055093
2 0.776172 0.287731 0.033073 0.057870
