0 0.312370 0.818287 0.027344 0.048611
0 0.558984 0.503935 0.027344 0.046759
2 0.358724 0.557176 0.035156 0.059722
0 0.336068 0.595139 0.026302 0.048611
3 0.318880 0.420602 0.036719 0.062500
1 0.311068 0.574769 0.029427 0.051389
1 0.409245 0.439120 0.029948 0.050463
1 0.426172 0.700231 0.030469 0.051389
1 0.367057 0.493287 0.029948 0.049537
2 0.411328 0.541898 0.035677 0.059722
0 0.459505 0.570833 0.027344 0.049074
2 0.568620 0.713194 0.035156 0.063426
1 0.560286 0.451620 0.028906 0.051389
2 0.374349 0.422454 0.035156 0.058796
2 0.581641 0.588194 0.035156 0.061574
0 0.485286 0.554861 0.027865 0.048611
3 0.502214 0.445602 0.038281 0.064352
2 0.547005 0.385880 0.033594 0.058796
1 0.676172 0.628472 0.029948 0.054167
3 0.659505 0.319213 0.036719 0.062500
3 0.574609 0.205324 0.037240 0.059722
2 0.508984 0.327546 0.034115 0.056944
1 0.675781 0.473843 0.029687 0.051389
1 0.517057 0.127083 0.028906 0.045833
0 0.522786 0.178472 0.026823 0.043981
0 0.713411 0.478472 0.027344 0.046759
0 0.647786 0.387731 0.027344 0.046759
1 0.701172 0.367824 0.028385 0.049537
2 0.725651 0.334028 0.032552 0.058796
