0 0.236589 0.615741 0.025260 0.048148
1 0.252214 0.728704 0.028385 0.050926
2 0.238932 0.563889 0.033594 0.059259
2 0.352995 0.699769 0.035156 0.059722
3 0.308203 0.502546 0.036719 0.063426
0 0.509766 0.597917 0.027865 0.047685
0 0.338411 0.634028 0.027865 0.048611
1 0.336458 0.539120 0.029687 0.050463
0 0.428255 0.799306 0.028385 0.049537
2 0.357682 0.404398 0.034635 0.056019
2 0.373568 0.516435 0.034115 0.058796
1 0.595964 0.569676 0.029948 0.051389
1 0.568099 0.657639 0.030990 0.053241
0 0.398307 0.400231 0.027865 0.045833
3 0.436589 0.463194 0.037760 0.064352
1 0.538151 0.401157 0.029427 0.048611
1 0.535026 0.846528 0.030469 0.053241
2 0.514193 0.367824 0.034635 0.059722
1 0.603516 0.659491 0.030990 0.053241
2 0.482161 0.348843 0.035156 0.058796
3 0.629297 0.586806 0.037760 0.065278
1 0.664714 0.546991 0.029948 0.052315
0 0.719141 0.634491 0.027865 0.048611
2 0.717318 0.578009 0.034635 0.060648
2 0.718099 0.360880 0.034115 0.056944
0 0.667578 0.437731 0.026823 0.046759
1 0.787891 0.512963 0.028906 0.051852
0 0.764453 0.465046 0.026823 0.047685
3 0.761068 0.332870 0.036198 0.062037
