0 0.246224 0.741898 0.025260 0.045833
0 0.375651 0.832176 0.027344 0.048611
1 0.250521 0.625231 0.028646 0.049537
1 0.385026 0.773843 0.029427 0.052315
1 0.579557 0.571528 0.029948 0.052315
0 0.582682 0.521991 0.027865 0.046759
0 0.331901 0.651157 0.026823 0.048611
2 0.570964 0.625694 0.035677 0.060648
2 0.291276 0.440509 0.034115 0.056019
2 0.450651 0.628935 0.035156 0.061574
1 0.345964 0.592361 0.029948 0.051389
3 0.449089 0.436806 0.037760 0.063426
2 0.464714 0.370602 0.034635 0.059722
0 0.674609 0.716435 0.027865 0.048611
1 0.663411 0.648380 0.029948 0.053241
1 0.618880 0.420139 0.028906 0.050463
1 0.646224 0.710880 0.030469 0.053241
3 0.729557 0.687269 0.037760 0.066204
1 0.697786 0.593750 0.030469 0.052315
0 0.772266 0.655324 0.027865 0.047685
3 0.610026 0.164583 0.036719 0.059722
0 0.629818 0.671065 0.027865 0.048611
1 0.609766 0.304398 0.029427 0.048611
0 0.531120 0.291898 0.026302 0.047685
2 0.555859 0.176620 0.034115 0.055093
3 0.738932 0.187269 0.036198 0.059722
2 0.530859 0.233102 0.033594 0.056019
2 0.817839 0.508565 0.034115 0.058796
2 0.572526 0.129398 0.033594 0.053241
