2 0.480859 0.397917 0.034115 0.056944
2 0.611328 0.703009 0.033594 0.061574
2 0.513672 0.701620 0.035677 0.060648
2 0.567057 0.543056 0.034115 0.061111
3 0.427214 0.579861 0.037760 0.065278
2 0.443099 0.381713 0.035156 0.057870
2 0.627734 0.357176 0.033594 0.057870
3 0.542578 0.636343 0.038802 0.065278
1 0.582943 0.459491 0.028906 0.050463
2 0.613411 0.575694 0.035156 0.060648
2 0.475391 0.502546 0.035156 0.059722
0 0.520703 0.419676 0.027344 0.046759
1 0.596745 0.524306 0.029427 0.051389
0 0.526693 0.516435 0.026823 0.047685
2 0.455859 0.692361 0.035156 0.060648
2 0.606380 0.416435 0.034115 0.058796
0 0.497266 0.628935 0.026823 0.049537
2 0.486589 0.565972 0.035677 0.060648
1 0.519141 0.566898 0.030469 0.052315
2 0.659245 0.428935 0.034115 0.058796
1 0.603776 0.322454 0.029948 0.049537
