0 0.224740 0.507176 0.026562 0.043981
2 0.575911 0.547454 0.034635 0.061574
0 0.339714 0.507176 0.026302 0.046759
2 0.333724 0.378009 0.034635 0.056019
1 0.322005 0.556713 0.030469 0.050463
2 0.397005 0.410880 0.034635 0.057870
0 0.420964 0.667361 0.027344 0.049537
1 0.519922 0.871065 0.031510 0.053241
2 0.424089 0.585880 0.035677 0.060648
1 0.431120 0.528009 0.030469 0.051389
1 0.574609 0.708102 0.030469 0.053241
0 0.469661 0.724769 0.028385 0.047685
2 0.616016 0.606713 0.034635 0.061574
2 0.411589 0.342824 0.034635 0.056944
2 0.505078 0.203009 0.034635 0.056019
3 0.463411 0.314120 0.037760 0.061574
1 0.429818 0.174769 0.028906 0.045833
1 0.472005 0.127546 0.028906 0.044907
0 0.498047 0.121528 0.026823 0.043056
3 0.691927 0.349306 0.038021 0.062500
1 0.598307 0.132639 0.028385 0.045833
3 0.634896 0.175694 0.036458 0.059722
3 0.505078 0.532176 0.038281 0.066204
1 0.635807 0.325694 0.028906 0.049537
2 0.690234 0.172917 0.032552 0.055093
0 0.681120 0.118750 0.026302 0.043056
0 0.594661 0.077546 0.026302 0.042130
0 0.637240 0.063426 0.025521 0.040741
1 0.786589 0.282639 0.028385 0.048611
