0 0.287630 0.885417 0.027344 0.046759
2 0.309245 0.529861 0.034635 0.060648
1 0.280859 0.550694 0.027865 0.050463
2 0.455078 0.474306 0.034115 0.057870
3 0.473568 0.839583 0.039323 0.067130
1 0.546745 0.439583 0.029948 0.049537
2 0.297786 0.438657 0.034115 0.056944
2 0.506901 0.618750 0.035156 0.061574
0 0.568359 0.406713 0.028385 0.046759
1 0.404297 0.601620 0.030469 0.051389
2 0.536068 0.491898 0.034635 0.059722
3 0.397786 0.494676 0.037760 0.064352
1 0.394661 0.723380 0.029948 0.051389
2 0.485547 0.365509 0.035156 0.057870
3 0.445964 0.361574 0.036719 0.063889
2 0.621745 0.532176 0.034635 0.060648
3 0.360286 0.465509 0.037760 0.064352
1 0.590234 0.744907 0.029948 0.053704
2 0.450130 0.747917 0.035677 0.061574
1 0.446484 0.681250 0.029948 0.052315
2 0.611849 0.590509 0.035156 0.060648
0 0.434766 0.636343 0.027865 0.049537
0 0.600651 0.442361 0.027865 0.046759
0 0.598698 0.387731 0.027083 0.044907
1 0.477734 0.314120 0.029427 0.049537
2 0.551693 0.332639 0.033594 0.057870
3 0.668880 0.540509 0.038281 0.066204
0 0.649089 0.603935 0.027865 0.046759
2 0.510286 0.284954 0.033594 0.056944
1 0.645964 0.497917 0.029427 0.050463
0 0.680599 0.362731 0.027344 0.045833
1 0.586068 0.345602 0.028906 0.049537
3 0.654818 0.443750 0.037240 0.064352
2 0.732161 0.339583 0.033594 0.057870
