3 0.466276 0.887269 0.037240 0.068056
3 0.422005 0.886343 0.038281 0.065278
3 0.533724 0.857639 0.039844 0.068981
3 0.596745 0.661343 0.038281 0.066204
0 0.500651 0.815509 0.028385 0.050463
1 0.460026 0.819213 0.030469 0.053241
1 0.508984 0.950694 0.030990 0.051389
2 0.600130 0.542824 0.035156 0.061574
1 0.498307 0.864120 0.032552 0.053241
1 0.528255 0.756250 0.030990 0.052315
2 0.495703 0.756713 0.034115 0.061574
1 0.413932 0.787269 0.030469 0.052315
2 0.519661 0.669213 0.035677 0.062500
0 0.433854 0.715509 0.027604 0.047685
2 0.460026 0.759028 0.035677 0.062500
0 0.545964 0.701157 0.028385 0.048611
0 0.576172 0.709028 0.027865 0.048611
0 0.427474 0.522917 0.028385 0.046759
2 0.583854 0.438194 0.034896 0.058796
0 0.548307 0.607176 0.028385 0.049537
1 0.667057 0.764120 0.029948 0.054167
1 0.758724 0.660880 0.029427 0.053241
2 0.743620 0.803935 0.034635 0.063426
0 0.628516 0.640509 0.027865 0.047685
2 0.687109 0.526620 0.034115 0.059722
1 0.694141 0.617824 0.030469 0.052315
0 0.738151 0.553472 0.027344 0.047685
1 0.656120 0.525694 0.029948 0.050463
2 0.634245 0.271991 0.034115 0.056944
