0 0.312891 0.790509 0.025781 0.048611
2 0.296484 0.662731 0.033594 0.060648
3 0.360286 0.784954 0.038281 0.066204
3 0.324349 0.575231 0.037240 0.064352
1 0.278516 0.542824 0.028906 0.049537
2 0.336589 0.509954 0.034115 0.057870
0 0.537630 0.624306 0.028385 0.046759
3 0.238932 0.468287 0.035156 0.063426
0 0.373047 0.582176 0.027344 0.045833
3 0.424349 0.663194 0.038281 0.066204
2 0.413672 0.603009 0.036198 0.060648
1 0.371745 0.484491 0.030469 0.049537
0 0.475651 0.777546 0.027865 0.047685
0 0.468880 0.387269 0.027344 0.045833
1 0.496224 0.638194 0.030469 0.051389
2 0.685807 0.805324 0.035156 0.064352
2 0.475391 0.305787 0.034115 0.057870
1 0.686328 0.664120 0.029427 0.054167
1 0.421224 0.349306 0.029427 0.049537
2 0.653255 0.844676 0.036719 0.061574
1 0.681120 0.611806 0.029948 0.052315
1 0.729557 0.597454 0.029948 0.053241
0 0.616536 0.280787 0.027344 0.044907
3 0.648568 0.561343 0.037760 0.066204
3 0.606641 0.337269 0.037760 0.062500
2 0.644922 0.372917 0.034635 0.058796
1 0.699089 0.343287 0.028906 0.050463
1 0.666016 0.414583 0.029948 0.049537
0 0.777214 0.412731 0.026823 0.045833
2 0.714714 0.156250 0.033073 0.055093
