3 0.230339 0.569213 0.035156 0.064352
2 0.308464 0.663194 0.035677 0.058796
3 0.516016 0.464583 0.038281 0.064352
2 0.272526 0.503472 0.033594 0.058796
3 0.460026 0.572454 0.038281 0.065278
1 0.337370 0.689583 0.029427 0.051389
0 0.265234 0.445833 0.026302 0.044444
0 0.290755 0.454398 0.026823 0.045833
2 0.514714 0.716898 0.035677 0.061574
0 0.563672 0.756713 0.027344 0.048611
1 0.438672 0.508102 0.029427 0.051389
2 0.355078 0.389583 0.034115 0.057870
2 0.558984 0.672917 0.035156 0.062500
3 0.533724 0.627546 0.038281 0.066204
1 0.567578 0.553472 0.029948 0.051389
1 0.624089 0.590509 0.030469 0.053241
2 0.619661 0.421065 0.033073 0.058796
1 0.431901 0.280324 0.029948 0.047685
2 0.708984 0.643287 0.034635 0.060648
0 0.622266 0.319676 0.026823 0.045833
3 0.559245 0.236806 0.037760 0.061574
0 0.748307 0.615046 0.027344 0.047685
2 0.608464 0.364583 0.034115 0.057870
1 0.409505 0.253935 0.027865 0.045833
1 0.687891 0.380324 0.029427 0.051389
2 0.709766 0.580787 0.034635 0.060648
3 0.655599 0.380324 0.036198 0.063426
2 0.726432 0.369213 0.033594 0.057870
1 0.626953 0.271065 0.028385 0.047685
0 0.586849 0.202546 0.027344 0.043981
0 0.679557 0.324769 0.026823 0.044907
1 0.744661 0.328472 0.028385 0.049537
2 0.655859 0.293056 0.033594 0.056481
