3 0.282161 0.697917 0.037760 0.066204
2 0.254297 0.658565 0.034115 0.058796
3 0.274870 0.473843 0.036198 0.063426
0 0.350911 0.808102 0.027344 0.047685
2 0.300651 0.610880 0.033073 0.061574
2 0.585677 0.562269 0.034896 0.060648
3 0.455859 0.463194 0.037240 0.063426
1 0.465755 0.755324 0.029948 0.053241
2 0.425651 0.430324 0.035677 0.057870
3 0.544141 0.574306 0.037760 0.064352
2 0.554557 0.502083 0.034635 0.060648
2 0.342839 0.659028 0.034635 0.059722
0 0.392578 0.446528 0.027344 0.046759
1 0.382943 0.363657 0.029427 0.049537
2 0.623568 0.541435 0.034635 0.061574
0 0.523307 0.446528 0.027344 0.047685
0 0.644922 0.637269 0.028385 0.047685
0 0.393620 0.215046 0.027344 0.043981
0 0.747266 0.704398 0.027344 0.048611
1 0.673047 0.665046 0.029948 0.054167
3 0.757943 0.622454 0.037760 0.066204
2 0.757552 0.546991 0.034375 0.060648
0 0.438151 0.242361 0.026823 0.043981
2 0.508203 0.348380 0.035156 0.056944
1 0.570703 0.169676 0.029427 0.046759
1 0.677995 0.360417 0.029948 0.050463
1 0.668099 0.407639 0.027865 0.051389
2 0.735286 0.416435 0.034115 0.057870
1 0.634245 0.271528 0.029427 0.047685
1 0.662109 0.250694 0.029427 0.048611
1 0.753516 0.372454 0.029427 0.050463
3 0.674219 0.136343 0.036458 0.058796
2 0.734766 0.165046 0.033073 0.054167
