1 0.263411 0.746528 0.028385 0.051389
3 0.296745 0.572917 0.037240 0.063426
2 0.261589 0.581713 0.034115 0.061574
3 0.280859 0.634491 0.035677 0.067130
3 0.489974 0.407176 0.037760 0.064352
1 0.537109 0.441667 0.028906 0.050926
1 0.499609 0.474769 0.029948 0.051389
2 0.567708 0.458102 0.034896 0.058796
2 0.467839 0.508102 0.034635 0.057870
0 0.514714 0.613657 0.028385 0.049537
0 0.473828 0.455556 0.026823 0.047222
2 0.422266 0.416898 0.034115 0.058796
0 0.379818 0.484028 0.027344 0.045833
2 0.350911 0.464583 0.034635 0.058796
0 0.387891 0.384028 0.026823 0.046759
1 0.597005 0.410880 0.030469 0.050463
0 0.504297 0.275231 0.026823 0.045833
2 0.632422 0.341898 0.034635 0.056944
0 0.498568 0.219213 0.026823 0.043981
0 0.647786 0.547917 0.027865 0.047685
0 0.519401 0.355324 0.027344 0.045833
2 0.715495 0.424769 0.034115 0.057870
3 0.682682 0.448380 0.037240 0.064352
1 0.750651 0.452546 0.028906 0.049537
1 0.683724 0.386806 0.028906 0.050463
1 0.645833 0.243750 0.028646 0.047685
2 0.733464 0.376620 0.033073 0.057870
1 0.701172 0.347454 0.028906 0.050463
