3 0.292839 0.747454 0.036719 0.064352
1 0.340495 0.723380 0.029948 0.052315
2 0.338411 0.446065 0.034115 0.056944
0 0.428255 0.746991 0.027865 0.048611
1 0.372266 0.616435 0.029948 0.049537
0 0.326432 0.510417 0.026823 0.046759
1 0.414193 0.666435 0.029948 0.051389
1 0.369141 0.459954 0.029427 0.049537
0 0.587891 0.439120 0.027865 0.046759
2 0.405859 0.380787 0.034635 0.057870
3 0.502214 0.332176 0.036719 0.061574
0 0.511068 0.413657 0.027344 0.046759
2 0.418099 0.207639 0.034115 0.054167
3 0.480339 0.235880 0.036198 0.060648
2 0.561068 0.351157 0.034635 0.057870
2 0.433203 0.311343 0.034115 0.055093
2 0.546745 0.234028 0.033594 0.056019
1 0.512891 0.279861 0.027865 0.048611
2 0.644401 0.534491 0.034635 0.060648
2 0.463411 0.334491 0.033594 0.056944
3 0.685547 0.523843 0.037760 0.065278
1 0.655339 0.635880 0.029948 0.052315
1 0.638932 0.411343 0.029948 0.050463
1 0.457682 0.187731 0.028906 0.045833
1 0.516536 0.226620 0.029948 0.045833
2 0.579557 0.226620 0.033594 0.055093
3 0.716016 0.560417 0.037240 0.066204
3 0.672526 0.249769 0.037240 0.060648
0 0.666797 0.346065 0.025260 0.045833
0 0.641536 0.359028 0.027344 0.045833
2 0.687109 0.311111 0.034115 0.058333
2 0.696224 0.171991 0.032552 0.055093
0 0.727474 0.266898 0.026823 0.044907
2 0.761589 0.302083 0.033073 0.057870
