3 0.535026 0.570139 0.038802 0.067130
0 0.319401 0.613657 0.027344 0.045833
1 0.454036 0.618750 0.029427 0.051389
0 0.416536 0.681250 0.027865 0.048611
2 0.432682 0.502546 0.035156 0.058796
0 0.489453 0.769676 0.028385 0.048611
2 0.454818 0.446528 0.035677 0.059722
1 0.340495 0.379167 0.028906 0.049074
2 0.557161 0.505787 0.035677 0.060648
2 0.355339 0.575231 0.035156 0.059722
2 0.493880 0.618981 0.035156 0.061111
1 0.393099 0.439120 0.029948 0.050463
1 0.343620 0.458565 0.029427 0.049537
0 0.421745 0.375231 0.026302 0.046759
1 0.424609 0.426157 0.029948 0.048611
1 0.487891 0.696065 0.030469 0.051389
2 0.522526 0.507639 0.035156 0.059722
2 0.624349 0.446528 0.034635 0.059722
3 0.654948 0.558102 0.038021 0.066204
1 0.662109 0.688657 0.030469 0.052315
0 0.655078 0.640509 0.027865 0.048611
2 0.585807 0.290972 0.034635 0.056944
3 0.516797 0.319676 0.037760 0.062500
0 0.753516 0.571065 0.027344 0.047685
3 0.552995 0.261343 0.037240 0.061574
0 0.739714 0.471528 0.027344 0.045833
1 0.611328 0.348380 0.029427 0.050463
0 0.655859 0.416435 0.027865 0.047685
1 0.719922 0.294213 0.028906 0.048611
