2 0.461589 0.529398 0.035677 0.060648
1 0.293620 0.701852 0.028906 0.051852
2 0.275130 0.581250 0.034635 0.058796
0 0.286068 0.653935 0.027344 0.044907
1 0.460026 0.438194 0.029948 0.050463
3 0.459245 0.596065 0.037760 0.065278
3 0.567578 0.498380 0.037760 0.063426
2 0.597266 0.659028 0.035156 0.062500
1 0.342839 0.458102 0.029948 0.049537
3 0.599870 0.759491 0.039323 0.067130
2 0.547005 0.437731 0.035156 0.056944
2 0.436849 0.398380 0.035156 0.059722
0 0.520964 0.468287 0.027865 0.046759
2 0.598307 0.466435 0.034115 0.059722
1 0.492057 0.507639 0.030469 0.051389
3 0.648568 0.536806 0.037760 0.063426
0 0.618359 0.359028 0.026823 0.044907
1 0.625521 0.493287 0.028125 0.052315
3 0.586849 0.296528 0.037240 0.062500
2 0.681120 0.602546 0.034115 0.061574
2 0.469661 0.184954 0.033594 0.053241
1 0.519141 0.323380 0.028906 0.049537
2 0.546484 0.200231 0.034115 0.056019
0 0.535026 0.278472 0.027344 0.045833
0 0.653255 0.482176 0.027865 0.047685
2 0.502734 0.269676 0.033594 0.057870
3 0.672005 0.192824 0.037240 0.059722
2 0.625781 0.298380 0.034375 0.057870
1 0.647005 0.595602 0.030990 0.053241
1 0.673828 0.405787 0.029948 0.050463
0 0.607161 0.250231 0.027344 0.045833
2 0.630339 0.436806 0.034115 0.058796
1 0.676693 0.455324 0.028906 0.049537
0 0.638411 0.224306 0.026302 0.044907
