1 0.256380 0.825694 0.028906 0.051389
3 0.253516 0.700694 0.036719 0.064352
2 0.250651 0.580324 0.033594 0.059722
0 0.362630 0.733796 0.027344 0.048148
3 0.309245 0.448843 0.036198 0.061574
2 0.326953 0.544676 0.034635 0.058796
2 0.422786 0.821991 0.035156 0.062500
2 0.468359 0.618750 0.035156 0.060648
0 0.503516 0.507176 0.027865 0.047685
3 0.571745 0.529398 0.038281 0.065278
1 0.359245 0.574769 0.029948 0.050463
0 0.389193 0.703472 0.027865 0.048611
1 0.497526 0.587731 0.030990 0.054167
0 0.381901 0.311806 0.027344 0.045833
1 0.521745 0.548380 0.029948 0.053241
1 0.714714 0.899769 0.030469 0.054167
2 0.669141 0.871991 0.035677 0.062500
0 0.647005 0.742824 0.028385 0.048611
2 0.475651 0.543287 0.035156 0.062500
1 0.635026 0.828935 0.029427 0.053241
3 0.432682 0.307176 0.037240 0.061574
2 0.532682 0.282176 0.034115 0.057870
0 0.512370 0.237269 0.026823 0.044907
2 0.505339 0.319213 0.035156 0.056019
1 0.709505 0.362269 0.029427 0.050463
0 0.482422 0.275231 0.026823 0.045833
1 0.825130 0.432176 0.028906 0.051389
1 0.739714 0.456713 0.029427 0.052315
0 0.768099 0.458565 0.026823 0.046759
