2 0.527995 0.450694 0.034115 0.059722
2 0.329167 0.622454 0.033333 0.059722
0 0.328516 0.569676 0.026823 0.047685
0 0.500651 0.691898 0.027344 0.047685
0 0.382422 0.548843 0.026823 0.046759
0 0.369141 0.708102 0.027865 0.047685
3 0.470182 0.620139 0.038281 0.066204
3 0.454036 0.376157 0.037760 0.062500
2 0.409245 0.404398 0.034115 0.057870
2 0.464193 0.539583 0.035156 0.059722
3 0.591536 0.568750 0.037760 0.065278
1 0.557161 0.530324 0.029948 0.052315
0 0.595443 0.667361 0.027865 0.048611
2 0.436589 0.451620 0.034115 0.057870
0 0.330599 0.422454 0.026823 0.044907
0 0.509766 0.528935 0.027865 0.047685
2 0.579818 0.422917 0.034115 0.059722
1 0.538542 0.669676 0.030208 0.052315
1 0.447526 0.686343 0.029427 0.051389
2 0.654818 0.617824 0.034635 0.060648
0 0.530859 0.398380 0.027344 0.046759
1 0.629167 0.578935 0.030208 0.052315
2 0.609505 0.363657 0.035156 0.058796
0 0.442318 0.287269 0.027865 0.043981
2 0.710026 0.377546 0.034635 0.056944
1 0.459505 0.209954 0.028906 0.047685
0 0.717318 0.432639 0.026823 0.047685
2 0.575911 0.361343 0.034635 0.057870
1 0.640104 0.388657 0.029687 0.049537
0 0.636328 0.434954 0.026823 0.046759
2 0.640495 0.192824 0.033594 0.055093
3 0.559766 0.280787 0.038281 0.061574
2 0.690495 0.494213 0.034115 0.059722
0 0.532682 0.250231 0.026302 0.044907
2 0.607161 0.196065 0.034115 0.054167
0 0.726172 0.316898 0.025781 0.045833
0 0.499609 0.154861 0.026823 0.043056
2 0.625391 0.272917 0.032552 0.056019
2 0.547786 0.153935 0.033073 0.053241
2 0.699349 0.294213 0.032552 0.058796
0 0.686589 0.159954 0.026302 0.043981
2 0.666797 0.300231 0.033594 0.056944
