0 0.375911 0.771991 0.027344 0.050463
3 0.342839 0.698380 0.038281 0.065278
1 0.313411 0.438194 0.029427 0.051389
2 0.378516 0.565972 0.034635 0.059722
2 0.319141 0.499769 0.035156 0.057870
2 0.382031 0.668750 0.035937 0.061574
2 0.427995 0.458565 0.035156 0.058796
1 0.561849 0.566898 0.029427 0.051389
1 0.502214 0.702546 0.029948 0.051389
0 0.383464 0.514583 0.027865 0.047685
2 0.430729 0.517824 0.034896 0.058796
2 0.511589 0.367361 0.034115 0.057870
1 0.351432 0.509028 0.030469 0.047685
3 0.590755 0.483565 0.037760 0.065278
2 0.594401 0.420602 0.035156 0.058796
2 0.543099 0.499306 0.035677 0.059722
0 0.465755 0.532176 0.027344 0.047685
1 0.471745 0.387037 0.029427 0.050000
0 0.444922 0.393287 0.027865 0.046759
2 0.544141 0.440509 0.035677 0.059722
1 0.462109 0.321065 0.029427 0.050463
0 0.547266 0.336806 0.027344 0.044907
3 0.674089 0.469213 0.037760 0.064352
3 0.438411 0.271991 0.036719 0.061574
3 0.544922 0.275231 0.037760 0.060648
1 0.491536 0.322917 0.029948 0.049537
0 0.643099 0.528009 0.027865 0.046759
2 0.627734 0.432176 0.033073 0.059722
2 0.518099 0.232407 0.033594 0.055556
1 0.723177 0.393750 0.029687 0.050463
1 0.555339 0.181713 0.028385 0.047685
0 0.719141 0.483102 0.026823 0.046759
3 0.625781 0.244676 0.037500 0.060648
2 0.762891 0.368287 0.034115 0.057870
