0 0.176953 0.718287 0.026302 0.047685
2 0.549609 0.450231 0.034635 0.058796
2 0.261328 0.573380 0.033073 0.058796
2 0.380339 0.810880 0.035677 0.061574
0 0.526953 0.507176 0.027344 0.046759
3 0.313932 0.499306 0.037240 0.063426
2 0.372786 0.428935 0.034115 0.056019
3 0.501172 0.471528 0.038281 0.063426
0 0.450911 0.465046 0.027344 0.046759
2 0.359766 0.600231 0.035156 0.059722
3 0.541016 0.713194 0.039323 0.067130
1 0.329036 0.426620 0.028906 0.048611
0 0.569141 0.493750 0.027344 0.047685
2 0.397005 0.357176 0.034635 0.057870
2 0.474349 0.429398 0.034635 0.058796
3 0.586849 0.438194 0.038281 0.064352
1 0.440365 0.698380 0.030208 0.053241
0 0.516536 0.577083 0.027344 0.047685
1 0.490755 0.208565 0.028906 0.046759
3 0.639193 0.455324 0.037240 0.064352
3 0.707161 0.383796 0.037240 0.062037
2 0.675391 0.462269 0.034635 0.059722
2 0.660026 0.559028 0.035156 0.061574
2 0.587370 0.300231 0.034115 0.056944
1 0.661068 0.335880 0.029427 0.049537
1 0.487630 0.357176 0.029948 0.050463
2 0.543880 0.254398 0.034635 0.057870
1 0.711068 0.497917 0.029948 0.050463
0 0.698307 0.538657 0.027344 0.046759
0 0.675391 0.379398 0.026302 0.045833
1 0.741536 0.410880 0.029427 0.049537
1 0.763411 0.240972 0.028385 0.049537
