3 0.293620 0.742824 0.036719 0.065278
0 0.354557 0.922454 0.027344 0.050463
2 0.331901 0.797454 0.034635 0.061574
3 0.548828 0.584259 0.038281 0.065741
2 0.335807 0.644676 0.035156 0.060648
1 0.416536 0.647917 0.029948 0.051389
2 0.561328 0.454398 0.034635 0.059722
2 0.452474 0.674306 0.035156 0.062500
1 0.583984 0.825231 0.030990 0.054167
2 0.397526 0.406713 0.035156 0.058796
1 0.393359 0.567824 0.030469 0.050463
1 0.461068 0.526157 0.029948 0.052315
2 0.380078 0.479861 0.034635 0.057870
0 0.533464 0.535880 0.027865 0.046759
0 0.432682 0.450231 0.027344 0.046759
0 0.527734 0.490046 0.027344 0.046759
0 0.465755 0.433565 0.026823 0.046759
0 0.574089 0.503009 0.027344 0.045833
2 0.512630 0.377546 0.035156 0.058796
2 0.604297 0.471991 0.034635 0.059722
2 0.649349 0.556250 0.034115 0.060648
3 0.462109 0.293287 0.036719 0.060648
3 0.555078 0.320139 0.037760 0.062500
2 0.530599 0.427083 0.034635 0.059722
1 0.681120 0.677546 0.029948 0.053241
1 0.484505 0.197917 0.028906 0.047685
2 0.503776 0.525694 0.035156 0.061574
3 0.598568 0.328472 0.037240 0.062500
1 0.425130 0.241898 0.029427 0.047685
1 0.451432 0.348380 0.029948 0.048611
2 0.712630 0.353472 0.034115 0.056944
3 0.710286 0.555324 0.037760 0.065278
0 0.789974 0.416898 0.026823 0.046759
1 0.639714 0.447917 0.029948 0.051389
