2 0.400260 0.796065 0.035937 0.061574
1 0.472526 0.810880 0.030469 0.055093
2 0.596094 0.739583 0.034896 0.063426
2 0.388932 0.627083 0.035677 0.058796
2 0.546224 0.467824 0.035156 0.059722
2 0.558724 0.598380 0.035677 0.061574
2 0.479297 0.642361 0.035156 0.060648
2 0.633464 0.562731 0.035156 0.060648
2 0.627083 0.428472 0.034375 0.058796
2 0.612109 0.201620 0.033594 0.055093
2 0.464193 0.330787 0.035156 0.057870
2 0.543620 0.244676 0.034635 0.056019
1 0.787630 0.136574 0.029427 0.045370
0 0.747266 0.231713 0.026302 0.043056
0 0.744661 0.187269 0.025260 0.043056
0 0.818620 0.145602 0.027344 0.044907
2 0.805078 0.098380 0.034115 0.056019
0 0.766536 0.206713 0.024740 0.040278
0 0.804818 0.185417 0.024740 0.043056
2 0.768620 0.094213 0.034635 0.056944
1 0.834505 0.227546 0.027865 0.047685
