0 0.342318 0.632176 0.027344 0.047685
1 0.367318 0.600694 0.029948 0.053241
2 0.488542 0.603935 0.034375 0.060648
2 0.524089 0.587269 0.034635 0.061574
0 0.396224 0.421065 0.027865 0.046759
2 0.341797 0.546065 0.034635 0.058796
1 0.381641 0.471065 0.029948 0.049537
3 0.623047 0.659491 0.038281 0.066204
3 0.551693 0.407176 0.038281 0.064352
1 0.536328 0.518287 0.029948 0.051389
1 0.429036 0.693287 0.029948 0.053241
3 0.465234 0.414583 0.037760 0.063426
2 0.480339 0.484954 0.034115 0.061574
1 0.688151 0.761806 0.030469 0.053241
2 0.557682 0.475694 0.034115 0.059722
2 0.557943 0.564120 0.035156 0.060648
0 0.567057 0.615046 0.027865 0.048611
3 0.667578 0.652546 0.039323 0.066204
0 0.585286 0.436343 0.027344 0.046759
0 0.612109 0.446528 0.027865 0.047685
0 0.436068 0.268750 0.025781 0.044907
2 0.631120 0.509028 0.034635 0.060648
0 0.459766 0.223843 0.027344 0.043981
1 0.664193 0.474769 0.028906 0.050463
1 0.586589 0.311806 0.029948 0.048611
0 0.650391 0.321528 0.026823 0.045833
1 0.631380 0.391898 0.029427 0.049537
2 0.624870 0.263657 0.034115 0.056019
1 0.685547 0.230787 0.027865 0.046759
