2 0.499870 0.601157 0.034635 0.060648
1 0.280990 0.553935 0.028646 0.051389
3 0.310547 0.533102 0.036719 0.063426
0 0.487891 0.505787 0.027865 0.048611
0 0.345182 0.565509 0.027344 0.047685
2 0.376172 0.774306 0.035677 0.059722
0 0.372786 0.585417 0.027344 0.046759
2 0.397656 0.650694 0.036979 0.060648
2 0.536068 0.579398 0.035677 0.061574
2 0.346745 0.513194 0.036198 0.060648
2 0.528516 0.707639 0.035156 0.061574
3 0.564714 0.676620 0.038802 0.067130
1 0.517057 0.527546 0.029948 0.051389
3 0.580599 0.370139 0.037240 0.062500
2 0.520833 0.403472 0.034896 0.059722
1 0.487630 0.448380 0.030469 0.050463
2 0.439974 0.666435 0.035677 0.060648
0 0.557422 0.437269 0.027344 0.047685
0 0.469922 0.562731 0.027344 0.046759
2 0.600000 0.423843 0.034375 0.058796
1 0.467318 0.409028 0.029948 0.050463
0 0.489714 0.372454 0.027344 0.044907
0 0.400130 0.353009 0.027344 0.045833
3 0.674089 0.486806 0.037760 0.064352
1 0.632422 0.516435 0.029948 0.050463
3 0.603516 0.246065 0.036719 0.060648
1 0.516797 0.344676 0.029427 0.049537
2 0.461328 0.342824 0.034635 0.056944
1 0.636589 0.387731 0.028385 0.051389
2 0.557943 0.188657 0.034115 0.055093
1 0.655339 0.295602 0.029427 0.047685
3 0.684766 0.571065 0.037760 0.066204
2 0.693620 0.437269 0.034635 0.059722
1 0.647786 0.434954 0.028906 0.049537
